0 0.6451822916666666 0.8932291666666666 0.01953125 0.010416666666666666
0 0.5865885416666666 0.9700520833333334 0.016927083333333332 0.0078125
0 0.94140625 0.8470052083333334 0.026041666666666668 0.01171875
0 0.4791666666666667 0.8209635416666666 0.015625 0.009114583333333334
0 0.5358072916666666 0.798828125 0.040364583333333336 0.032552083333333336
0 0.7369791666666666 0.5748697916666666 0.0078125 0.00390625
0 0.8177083333333334 0.6002604166666666 0.010416666666666666 0.005208333333333333
0 0.453125 0.7311197916666666 0.0078125 0.009114583333333334
0 0.7239583333333334 0.72265625 0.03125 0.013020833333333334
0 0.345703125 0.7415364583333334 0.01171875 0.01171875
0 0.4303385416666667 0.6868489583333334 0.014322916666666666 0.009114583333333334
0 0.8346354166666666 0.8756510416666666 0.018229166666666668 0.01171875
