0 0.9765625 0.5924479166666666 0.041666666666666664 0.057291666666666664
0 0.916015625 0.4049479166666667 0.01171875 0.015625
0 0.6953125 0.25390625 0.010416666666666666 0.013020833333333334
0 0.7421875 0.8404947916666666 0.078125 0.08203125
0 0.7506510416666666 0.3287760416666667 0.016927083333333332 0.014322916666666666
0 0.6764322916666666 0.24088541666666666 0.016927083333333332 0.015625
0 0.7265625 0.2845052083333333 0.015625 0.014322916666666666
0 0.6809895833333334 0.24739583333333334 0.015625 0.015625
0 0.8489583333333334 0.3802083333333333 0.0078125 0.010416666666666666
0 0.5299479166666666 0.958984375 0.036458333333333336 0.04296875
0 0.7057291666666666 0.265625 0.013020833333333334 0.015625
