0 0.48828125 0.5234375 0.010416666666666666 0.015625
0 0.9713541666666666 0.1640625 0.010416666666666666 0.013020833333333334
0 0.623046875 0.16145833333333334 0.02734375 0.015625
0 0.9537760416666666 0.08984375 0.01171875 0.013020833333333334
0 0.2591145833333333 0.712890625 0.010416666666666666 0.01171875
0 0.6471354166666666 0.24544270833333334 0.0078125 0.009114583333333334
0 0.3684895833333333 0.6614583333333334 0.020833333333333332 0.0234375
0 0.8131510416666666 0.26171875 0.01953125 0.013020833333333334
0 0.7330729166666666 0.20572916666666666 0.013020833333333334 0.013020833333333334
0 0.5436197916666666 0.3404947916666667 0.009114583333333334 0.014322916666666666
0 0.6171875 0.4147135416666667 0.015625 0.01953125
0 0.6223958333333334 0.6380208333333334 0.018229166666666668 0.018229166666666668
0 0.05859375 0.712890625 0.0026041666666666665 0.0013020833333333333
0 0.055338541666666664 0.7109375 0.0013020833333333333 0.0026041666666666665
0 0.9049479166666666 0.212890625 0.0234375 0.01953125
