0 0.10286458333333333 0.4505208333333333 0.013020833333333334 0.013020833333333334
0 0.134765625 0.4153645833333333 0.01171875 0.010416666666666666
0 0.11328125 0.4459635416666667 0.013020833333333334 0.014322916666666666
0 0.14778645833333334 0.3841145833333333 0.014322916666666666 0.013020833333333334
0 0.13216145833333334 0.3984375 0.016927083333333332 0.015625
0 0.125 0.3697916666666667 0.0234375 0.020833333333333332
0 0.10091145833333333 0.4576822916666667 0.01171875 0.01171875
0 0.12760416666666666 0.3912760416666667 0.015625 0.01171875
0 0.24348958333333334 0.3092447916666667 0.0234375 0.024739583333333332
0 0.14192708333333334 0.3743489583333333 0.015625 0.014322916666666666
0 0.12890625 0.4251302083333333 0.015625 0.014322916666666666
0 0.15299479166666666 0.3899739583333333 0.014322916666666666 0.01171875
0 0.259765625 0.3365885416666667 0.02734375 0.03515625
0 0.12369791666666667 0.3860677083333333 0.018229166666666668 0.014322916666666666
