0 0.474609375 0.3372395833333333 0.01171875 0.013020833333333334
0 0.9576822916666666 0.111328125 0.014322916666666666 0.016927083333333332
0 0.8990885416666666 0.125 0.014322916666666666 0.018229166666666668
0 0.8561197916666666 0.123046875 0.01171875 0.014322916666666666
0 0.7890625 0.150390625 0.018229166666666668 0.01171875
0 0.8873697916666666 0.123046875 0.009114583333333334 0.014322916666666666
0 0.8736979166666666 0.12890625 0.013020833333333334 0.015625
0 0.5989583333333334 0.28515625 0.015625 0.015625
0 0.17317708333333334 0.5904947916666666 0.0234375 0.01953125
0 0.3919270833333333 0.3873697916666667 0.018229166666666668 0.014322916666666666
0 0.4095052083333333 0.3736979166666667 0.024739583333333332 0.018229166666666668
0 0.4186197916666667 0.3671875 0.024739583333333332 0.020833333333333332
0 0.055338541666666664 0.6477864583333334 0.022135416666666668 0.01953125
0 0.10611979166666667 0.6204427083333334 0.022135416666666668 0.014322916666666666
0 0.9368489583333334 0.10546875 0.01953125 0.013020833333333334
