0 0.07486979166666667 0.033203125 0.024739583333333332 0.02734375
0 0.3040364583333333 0.7766927083333334 0.01953125 0.022135416666666668
0 0.60546875 0.12565104166666666 0.015625 0.022135416666666668
0 0.087890625 0.8600260416666666 0.01953125 0.029947916666666668
0 0.41015625 0.310546875 0.015625 0.016927083333333332
0 0.5 0.17122395833333334 0.010416666666666666 0.01953125
0 0.294921875 0.5026041666666666 0.045572916666666664 0.044270833333333336
0 0.3151041666666667 0.7766927083333334 0.015625 0.022135416666666668
0 0.458984375 0.373046875 0.01953125 0.02734375
0 0.5611979166666666 0.279296875 0.013020833333333334 0.01953125
