0 0.7955729166666666 0.8001302083333334 0.044270833333333336 0.02734375
0 0.8235677083333334 0.8899739583333334 0.022135416666666668 0.01953125
0 0.8118489583333334 0.8841145833333334 0.04296875 0.033854166666666664
0 0.833984375 0.8938802083333334 0.032552083333333336 0.024739583333333332
0 0.8372395833333334 0.7884114583333334 0.03125 0.016927083333333332
0 0.8014322916666666 0.8717447916666666 0.053385416666666664 0.04296875
0 0.69921875 0.8873697916666666 0.09635416666666667 0.048177083333333336
0 0.833984375 0.7779947916666666 0.032552083333333336 0.01953125
0 0.599609375 0.712890625 0.024739583333333332 0.01171875
0 0.7057291666666666 0.7389322916666666 0.052083333333333336 0.02734375
0 0.595703125 0.69921875 0.04296875 0.0234375
