0 0.6848958333333334 0.6380208333333334 0.005208333333333333 0.0078125
0 0.13216145833333334 0.4635416666666667 0.07682291666666667 0.0234375
0 0.4596354166666667 0.9375 0.018229166666666668 0.028645833333333332
0 0.392578125 0.2552083333333333 0.016927083333333332 0.028645833333333332
0 0.13151041666666666 0.4485677083333333 0.03125 0.01171875
0 0.6731770833333334 0.6595052083333334 0.0390625 0.04296875
0 0.986328125 0.9134114583333334 0.006510416666666667 0.009114583333333334
0 0.12565104166666666 0.853515625 0.06380208333333333 0.06640625
0 0.8190104166666666 0.13346354166666666 0.005208333333333333 0.009114583333333334
0 0.12565104166666666 0.8736979166666666 0.02734375 0.026041666666666668
