0 0.8463541666666666 0.4225260416666667 0.0078125 0.009114583333333334
0 0.4596354166666667 0.8033854166666666 0.028645833333333332 0.028645833333333332
0 0.5475260416666666 0.5787760416666666 0.02734375 0.024739583333333332
0 0.9524739583333334 0.5110677083333334 0.01171875 0.006510416666666667
0 0.3951822916666667 0.6048177083333334 0.022135416666666668 0.01953125
0 0.232421875 0.6204427083333334 0.009114583333333334 0.009114583333333334
0 0.5071614583333334 0.6796875 0.02734375 0.026041666666666668
0 0.7454427083333334 0.4095052083333333 0.009114583333333334 0.01171875
0 0.953125 0.5260416666666666 0.013020833333333334 0.0078125
0 0.6510416666666666 0.5416666666666666 0.020833333333333332 0.015625
