0 0.9563802083333334 0.7389322916666666 0.022135416666666668 0.024739583333333332
0 0.5227864583333334 0.7897135416666666 0.01171875 0.014322916666666666
0 0.892578125 0.7565104166666666 0.014322916666666666 0.018229166666666668
0 0.603515625 0.7721354166666666 0.01953125 0.013020833333333334
0 0.5657552083333334 0.7916666666666666 0.014322916666666666 0.018229166666666668
0 0.5403645833333334 0.7955729166666666 0.013020833333333334 0.015625
0 0.4557291666666667 0.8170572916666666 0.018229166666666668 0.01171875
0 0.9244791666666666 0.7428385416666666 0.013020833333333334 0.022135416666666668
0 0.5540364583333334 0.7897135416666666 0.009114583333333334 0.014322916666666666
0 0.265625 0.9518229166666666 0.015625 0.015625
0 0.7141927083333334 0.767578125 0.024739583333333332 0.032552083333333336
0 0.6243489583333334 0.7779947916666666 0.014322916666666666 0.016927083333333332
0 0.8684895833333334 0.744140625 0.010416666666666666 0.014322916666666666
