0 0.4069010416666667 0.8040364583333334 0.05078125 0.11067708333333333
0 0.47265625 0.2545572916666667 0.046875 0.11328125
0 0.5716145833333334 0.9720052083333334 0.018229166666666668 0.009114583333333334
0 0.6204427083333334 0.4576822916666667 0.024739583333333332 0.11328125
0 0.837890625 0.2265625 0.05078125 0.078125
0 0.7630208333333334 0.693359375 0.018229166666666668 0.014322916666666666
0 0.4947916666666667 0.23372395833333334 0.020833333333333332 0.05078125
0 0.23567708333333334 0.5182291666666666 0.044270833333333336 0.10677083333333333
0 0.8600260416666666 0.8307291666666666 0.07942708333333333 0.109375
0 0.15950520833333334 0.15885416666666666 0.06380208333333333 0.11197916666666667
0 0.064453125 0.833984375 0.05859375 0.12630208333333334
