0 0.7389322916666666 0.306640625 0.08463541666666667 0.045572916666666664
0 0.65625 0.923828125 0.057291666666666664 0.045572916666666664
0 0.9615885416666666 0.057942708333333336 0.07421875 0.055989583333333336
0 0.7434895833333334 0.2897135416666667 0.09635416666666667 0.05078125
0 0.8665364583333334 0.4557291666666667 0.08203125 0.057291666666666664
0 0.4954427083333333 0.80859375 0.022135416666666668 0.020833333333333332
0 0.5052083333333334 0.802734375 0.0390625 0.03515625
0 0.794921875 0.830078125 0.05859375 0.045572916666666664
0 0.8391927083333334 0.4713541666666667 0.048177083333333336 0.028645833333333332
0 0.8470052083333334 0.462890625 0.055989583333333336 0.037760416666666664
0 0.7473958333333334 0.2766927083333333 0.044270833333333336 0.024739583333333332
