0 0.3313802083333333 0.8079427083333334 0.009114583333333334 0.014322916666666666
0 0.9348958333333334 0.8391927083333334 0.013020833333333334 0.03515625
0 0.8053385416666666 0.78515625 0.016927083333333332 0.036458333333333336
0 0.06575520833333333 0.7434895833333334 0.045572916666666664 0.049479166666666664
0 0.07096354166666667 0.7330729166666666 0.045572916666666664 0.052083333333333336
0 0.8177083333333334 0.78515625 0.020833333333333332 0.0390625
0 0.7415364583333334 0.9329427083333334 0.024739583333333332 0.04296875
0 0.943359375 0.8352864583333334 0.014322916666666666 0.040364583333333336
0 0.9544270833333334 0.8372395833333334 0.015625 0.0390625
0 0.400390625 0.841796875 0.037760416666666664 0.048177083333333336
0 0.0859375 0.7369791666666666 0.033854166666666664 0.0390625
0 0.7526041666666666 0.9303385416666666 0.026041666666666668 0.045572916666666664
0 0.73046875 0.9381510416666666 0.026041666666666668 0.040364583333333336
0 0.4127604166666667 0.8385416666666666 0.028645833333333332 0.036458333333333336
