0 0.9166666666666666 0.0390625 0.033854166666666664 0.078125
0 0.931640625 0.046875 0.01171875 0.03125
0 0.6171875 0.033203125 0.020833333333333332 0.053385416666666664
0 0.8932291666666666 0.03515625 0.03125 0.0703125
0 0.5625 0.026692708333333332 0.020833333333333332 0.053385416666666664
0 0.19401041666666666 0.4498697916666667 0.033854166666666664 0.10807291666666667
0 0.5983072916666666 0.035807291666666664 0.024739583333333332 0.06380208333333333
0 0.2591145833333333 0.4453125 0.015625 0.015625
0 0.95703125 0.5826822916666666 0.08333333333333333 0.053385416666666664
0 0.5208333333333334 0.04296875 0.03125 0.0859375
0 0.544921875 0.030598958333333332 0.016927083333333332 0.061197916666666664
0 0.4967447916666667 0.03125 0.022135416666666668 0.0625
0 0.4602864583333333 0.8333333333333334 0.024739583333333332 0.0546875
0 0.5794270833333334 0.03125 0.020833333333333332 0.0625
0 0.9622395833333334 0.6256510416666666 0.07291666666666667 0.053385416666666664
