0 0.6666666666666666 0.10546875 0.0546875 0.018229166666666668
0 0.30859375 0.07552083333333333 0.06510416666666667 0.020833333333333332
0 0.306640625 0.544921875 0.07421875 0.022135416666666668
0 0.020182291666666668 0.2819010416666667 0.01953125 0.009114583333333334
0 0.07161458333333333 0.5944010416666666 0.09635416666666667 0.032552083333333336
0 0.5149739583333334 0.134765625 0.04296875 0.014322916666666666
0 0.22526041666666666 0.2513020833333333 0.0234375 0.0078125
0 0.443359375 0.3092447916666667 0.05078125 0.01171875
0 0.2779947916666667 0.23958333333333334 0.040364583333333336 0.018229166666666668
0 0.4368489583333333 0.3235677083333333 0.08463541666666667 0.01953125
0 0.22005208333333334 0.24088541666666666 0.044270833333333336 0.015625
