0 0.23828125 0.040364583333333336 0.015625 0.015625
0 0.599609375 0.470703125 0.045572916666666664 0.07682291666666667
0 0.767578125 0.6393229166666666 0.06380208333333333 0.09635416666666667
0 0.5266927083333334 0.244140625 0.01171875 0.01953125
0 0.505859375 0.18098958333333334 0.009114583333333334 0.013020833333333334
0 0.2545572916666667 0.072265625 0.05078125 0.053385416666666664
0 0.23697916666666666 0.06315104166666667 0.044270833333333336 0.048177083333333336
0 0.4915364583333333 0.15755208333333334 0.009114583333333334 0.010416666666666666
0 0.22721354166666666 0.059895833333333336 0.01171875 0.013020833333333334
0 0.7018229166666666 0.2981770833333333 0.044270833333333336 0.07552083333333333
0 0.2421875 0.044270833333333336 0.013020833333333334 0.013020833333333334
0 0.22395833333333334 0.055989583333333336 0.010416666666666666 0.015625
