0 0.9173177083333334 0.4537760416666667 0.037760416666666664 0.022135416666666668
0 0.9140625 0.4446614583333333 0.033854166666666664 0.01953125
0 0.9296875 0.4212239583333333 0.020833333333333332 0.029947916666666668
0 0.759765625 0.2779947916666667 0.016927083333333332 0.01171875
0 0.9427083333333334 0.41796875 0.020833333333333332 0.033854166666666664
0 0.9244791666666666 0.4029947916666667 0.0234375 0.014322916666666666
0 0.7591145833333334 0.302734375 0.020833333333333332 0.009114583333333334
0 0.8958333333333334 0.41015625 0.036458333333333336 0.026041666666666668
0 0.79296875 0.208984375 0.028645833333333332 0.01171875
0 0.7467447916666666 0.22200520833333334 0.09765625 0.014322916666666666
