0 0.9615885416666666 0.5221354166666666 0.01171875 0.013020833333333334
0 0.08984375 0.224609375 0.08854166666666667 0.40234375
0 0.8450520833333334 0.521484375 0.0078125 0.01171875
0 0.9635416666666666 0.09440104166666667 0.010416666666666666 0.024739583333333332
0 0.3639322916666667 0.4322916666666667 0.19401041666666666 0.03125
0 0.8391927083333334 0.4401041666666667 0.009114583333333334 0.013020833333333334
0 0.521484375 0.10872395833333333 0.045572916666666664 0.20182291666666666
0 0.7747395833333334 0.8502604166666666 0.0078125 0.015625
0 0.5436197916666666 0.89453125 0.03515625 0.018229166666666668
0 0.591796875 0.8938802083333334 0.037760416666666664 0.01953125
