0 0.6809895833333334 0.5319010416666666 0.041666666666666664 0.040364583333333336
0 0.3854166666666667 0.4388020833333333 0.052083333333333336 0.0390625
0 0.3776041666666667 0.673828125 0.06770833333333333 0.022135416666666668
0 0.3580729166666667 0.6848958333333334 0.028645833333333332 0.010416666666666666
0 0.357421875 0.6100260416666666 0.029947916666666668 0.009114583333333334
0 0.3756510416666667 0.4303385416666667 0.037760416666666664 0.024739583333333332
0 0.3912760416666667 0.455078125 0.061197916666666664 0.045572916666666664
0 0.3717447916666667 0.65625 0.08203125 0.0234375
0 0.3645833333333333 0.6380208333333334 0.0625 0.020833333333333332
0 0.3704427083333333 0.6223958333333334 0.061197916666666664 0.018229166666666668
0 0.6666666666666666 0.59765625 0.044270833333333336 0.0390625
