0 0.7141927083333334 0.576171875 0.009114583333333334 0.006510416666666667
0 0.7096354166666666 0.451171875 0.0078125 0.006510416666666667
0 0.7174479166666666 0.947265625 0.0078125 0.006510416666666667
0 0.7018229166666666 0.5221354166666666 0.0078125 0.010416666666666666
0 0.794921875 0.9765625 0.006510416666666667 0.0078125
0 0.3118489583333333 0.921875 0.006510416666666667 0.0078125
0 0.6907552083333334 0.904296875 0.01171875 0.016927083333333332
0 0.7005208333333334 0.49609375 0.010416666666666666 0.010416666666666666
0 0.6790364583333334 0.8548177083333334 0.01171875 0.01171875
0 0.7102864583333334 0.96875 0.006510416666666667 0.0078125
0 0.6686197916666666 0.8170572916666666 0.006510416666666667 0.009114583333333334
0 0.6940104166666666 0.8450520833333334 0.013020833333333334 0.013020833333333334
0 0.6842447916666666 0.9342447916666666 0.006510416666666667 0.006510416666666667
