0 0.9576822916666666 0.7018229166666666 0.01171875 0.010416666666666666
0 0.96875 0.720703125 0.018229166666666668 0.009114583333333334
0 0.9772135416666666 0.6022135416666666 0.01171875 0.006510416666666667
0 0.4459635416666667 0.5852864583333334 0.016927083333333332 0.01953125
0 0.9889322916666666 0.2662760416666667 0.01953125 0.01171875
0 0.958984375 0.7884114583333334 0.014322916666666666 0.009114583333333334
0 0.9908854166666666 0.5384114583333334 0.015625 0.01171875
0 0.458984375 0.376953125 0.014322916666666666 0.01953125
0 0.9713541666666666 0.6490885416666666 0.013020833333333334 0.009114583333333334
0 0.97265625 0.20442708333333334 0.010416666666666666 0.015625
0 0.9635416666666666 0.6529947916666666 0.015625 0.01171875
0 0.5169270833333334 0.3834635416666667 0.020833333333333332 0.009114583333333334
0 0.90234375 0.8541666666666666 0.018229166666666668 0.015625
