0 0.412109375 0.4075520833333333 0.08203125 0.0546875
0 0.4348958333333333 0.068359375 0.013020833333333334 0.032552083333333336
0 0.412109375 0.3619791666666667 0.016927083333333332 0.018229166666666668
0 0.296875 0.055989583333333336 0.018229166666666668 0.0859375
0 0.4049479166666667 0.3860677083333333 0.057291666666666664 0.040364583333333336
0 0.3671875 0.4537760416666667 0.015625 0.01953125
0 0.4010416666666667 0.3684895833333333 0.010416666666666666 0.015625
0 0.4264322916666667 0.4576822916666667 0.016927083333333332 0.014322916666666666
0 0.408203125 0.4641927083333333 0.016927083333333332 0.006510416666666667
0 0.314453125 0.05859375 0.01953125 0.09114583333333333
0 0.4635416666666667 0.380859375 0.018229166666666668 0.01953125
0 0.4283854166666667 0.4368489583333333 0.08333333333333333 0.05859375
