0 0.3561197916666667 0.035807291666666664 0.022135416666666668 0.01171875
0 0.53515625 0.13216145833333334 0.0234375 0.014322916666666666
0 0.4296875 0.3619791666666667 0.028645833333333332 0.020833333333333332
0 0.4850260416666667 0.23567708333333334 0.01953125 0.0078125
0 0.44921875 0.13606770833333334 0.0234375 0.01171875
0 0.3971354166666667 0.09635416666666667 0.0234375 0.015625
0 0.498046875 0.12955729166666666 0.024739583333333332 0.014322916666666666
0 0.4075520833333333 0.13606770833333334 0.026041666666666668 0.022135416666666668
0 0.599609375 0.23828125 0.01953125 0.020833333333333332
0 0.5221354166666666 0.11197916666666667 0.018229166666666668 0.013020833333333334
