0 0.12890625 0.8001302083333334 0.03125 0.053385416666666664
0 0.25 0.8092447916666666 0.0234375 0.03515625
0 0.29296875 0.8111979166666666 0.03125 0.049479166666666664
0 0.07161458333333333 0.8424479166666666 0.10416666666666667 0.028645833333333332
0 0.14778645833333334 0.7923177083333334 0.024739583333333332 0.045572916666666664
0 0.275390625 0.81640625 0.03515625 0.052083333333333336
0 0.236328125 0.8216145833333334 0.032552083333333336 0.052083333333333336
0 0.18098958333333334 0.802734375 0.0234375 0.04296875
0 0.4609375 0.765625 0.0625 0.03125
0 0.16145833333333334 0.7845052083333334 0.018229166666666668 0.029947916666666668
0 0.33203125 0.7916666666666666 0.0625 0.0234375
0 0.1953125 0.794921875 0.018229166666666668 0.037760416666666664
0 0.5514322916666666 0.8463541666666666 0.037760416666666664 0.0234375
0 0.21875 0.826171875 0.028645833333333332 0.048177083333333336
