0 0.4967447916666667 0.083984375 0.009114583333333334 0.01171875
0 0.004557291666666667 0.6510416666666666 0.009114583333333334 0.013020833333333334
0 0.9205729166666666 0.11783854166666667 0.010416666666666666 0.016927083333333332
0 0.9173177083333334 0.13346354166666666 0.014322916666666666 0.01953125
0 0.927734375 0.11588541666666667 0.014322916666666666 0.020833333333333332
0 0.923828125 0.15885416666666666 0.01171875 0.020833333333333332
0 0.4921875 0.026041666666666668 0.0078125 0.013020833333333334
0 0.9296875 0.158203125 0.0078125 0.016927083333333332
0 0.9127604166666666 0.11783854166666667 0.010416666666666666 0.014322916666666666
0 0.8619791666666666 0.994140625 0.0078125 0.009114583333333334
0 0.9680989583333334 0.10546875 0.016927083333333332 0.028645833333333332
