0 0.099609375 0.4270833333333333 0.03515625 0.036458333333333336
0 0.1640625 0.7766927083333334 0.12760416666666666 0.13671875
0 0.08984375 0.3912760416666667 0.12760416666666666 0.14192708333333334
0 0.4055989583333333 0.166015625 0.016927083333333332 0.01171875
0 0.408203125 0.17122395833333334 0.01953125 0.014322916666666666
0 0.4140625 0.17578125 0.020833333333333332 0.018229166666666668
0 0.16341145833333334 0.8326822916666666 0.01953125 0.01953125
0 0.16145833333333334 0.8216145833333334 0.028645833333333332 0.028645833333333332
0 0.4453125 0.17708333333333334 0.08854166666666667 0.15104166666666666
0 0.4759114583333333 0.17513020833333334 0.022135416666666668 0.03515625
