0 0.6555989583333334 0.4680989583333333 0.07682291666666667 0.06380208333333333
0 0.8873697916666666 0.6796875 0.040364583333333336 0.041666666666666664
0 0.11783854166666667 0.7239583333333334 0.05078125 0.046875
0 0.845703125 0.322265625 0.048177083333333336 0.05078125
0 0.6569010416666666 0.9114583333333334 0.05859375 0.052083333333333336
0 0.6686197916666666 0.125 0.037760416666666664 0.052083333333333336
0 0.365234375 0.6158854166666666 0.08203125 0.08072916666666667
0 0.6829427083333334 0.130859375 0.037760416666666664 0.05078125
0 0.22005208333333334 0.8404947916666666 0.09375 0.09244791666666667
0 0.21028645833333334 0.8255208333333334 0.032552083333333336 0.033854166666666664
0 0.736328125 0.5963541666666666 0.05078125 0.049479166666666664
0 0.896484375 0.689453125 0.048177083333333336 0.045572916666666664
