0 0.22916666666666666 0.439453125 0.020833333333333332 0.029947916666666668
0 0.5455729166666666 0.4615885416666667 0.033854166666666664 0.07942708333333333
0 0.48828125 0.46875 0.033854166666666664 0.08072916666666667
0 0.4479166666666667 0.7233072916666666 0.057291666666666664 0.07682291666666667
0 0.685546875 0.4407552083333333 0.040364583333333336 0.09765625
0 0.603515625 0.4407552083333333 0.037760416666666664 0.09244791666666667
0 0.4427083333333333 0.462890625 0.033854166666666664 0.09505208333333333
0 0.6595052083333334 0.4537760416666667 0.040364583333333336 0.09244791666666667
0 0.24674479166666666 0.37890625 0.037760416666666664 0.09114583333333333
0 0.4173177083333333 0.466796875 0.029947916666666668 0.08723958333333333
0 0.8893229166666666 0.0625 0.028645833333333332 0.026041666666666668
0 0.6529947916666666 0.87109375 0.045572916666666664 0.07552083333333333
0 0.9342447916666666 0.09765625 0.08723958333333333 0.07552083333333333
0 0.19921875 0.3854166666666667 0.03125 0.09114583333333333
