0 0.826171875 0.8313802083333334 0.01171875 0.024739583333333332
0 0.0859375 0.94140625 0.0234375 0.020833333333333332
0 0.8372395833333334 0.869140625 0.010416666666666666 0.022135416666666668
0 0.173828125 0.8951822916666666 0.02734375 0.022135416666666668
0 0.8411458333333334 0.9049479166666666 0.010416666666666666 0.028645833333333332
0 0.083984375 0.7884114583333334 0.0013020833333333333 0.0013020833333333333
0 0.4505208333333333 0.8014322916666666 0.015625 0.014322916666666666
0 0.4850260416666667 0.9680989583333334 0.014322916666666666 0.022135416666666668
0 0.080078125 0.7923177083333334 0.0013020833333333333 0.0013020833333333333
0 0.33203125 0.9505208333333334 0.0078125 0.005208333333333333
0 0.8522135416666666 0.9264322916666666 0.01171875 0.022135416666666668
0 0.3352864583333333 0.947265625 0.0013020833333333333 0.0013020833333333333
