0 0.6106770833333334 0.556640625 0.0390625 0.048177083333333336
0 0.712890625 0.7063802083333334 0.045572916666666664 0.05859375
0 0.330078125 0.17643229166666666 0.016927083333333332 0.014322916666666666
0 0.7259114583333334 0.7115885416666666 0.024739583333333332 0.029947916666666668
0 0.638671875 0.5989583333333334 0.02734375 0.036458333333333336
0 0.3938802083333333 0.3177083333333333 0.01953125 0.018229166666666668
0 0.689453125 0.71484375 0.05859375 0.078125
0 0.359375 0.3157552083333333 0.015625 0.016927083333333332
0 0.6399739583333334 0.6432291666666666 0.04296875 0.0546875
0 0.5227864583333334 0.9153645833333334 0.009114583333333334 0.013020833333333334
0 0.6002604166666666 0.5807291666666666 0.046875 0.057291666666666664
