0 0.6178385416666666 0.427734375 0.053385416666666664 0.02734375
0 0.6087239583333334 0.4153645833333333 0.05859375 0.033854166666666664
0 0.6764322916666666 0.9088541666666666 0.07942708333333333 0.020833333333333332
0 0.6315104166666666 0.8828125 0.10677083333333333 0.046875
0 0.13541666666666666 0.732421875 0.020833333333333332 0.014322916666666666
0 0.6399739583333334 0.4296875 0.016927083333333332 0.010416666666666666
0 0.9173177083333334 0.8736979166666666 0.11067708333333333 0.044270833333333336
0 0.6380208333333334 0.8671875 0.018229166666666668 0.0078125
0 0.9134114583333334 0.3782552083333333 0.08723958333333333 0.024739583333333332
0 0.859375 0.59375 0.11458333333333333 0.03125
0 0.623046875 0.6673177083333334 0.022135416666666668 0.014322916666666666
