0 0.283203125 0.3821614583333333 0.01953125 0.01953125
0 0.17643229166666666 0.24479166666666666 0.014322916666666666 0.018229166666666668
0 0.055989583333333336 0.24609375 0.013020833333333334 0.015625
0 0.294921875 0.3541666666666667 0.029947916666666668 0.018229166666666668
0 0.2942708333333333 0.3313802083333333 0.0234375 0.01171875
0 0.3626302083333333 0.3177083333333333 0.022135416666666668 0.015625
0 0.23958333333333334 0.2662760416666667 0.018229166666666668 0.016927083333333332
0 0.07877604166666667 0.15559895833333334 0.016927083333333332 0.022135416666666668
0 0.30078125 0.2877604166666667 0.018229166666666668 0.013020833333333334
0 0.3463541666666667 0.298828125 0.0234375 0.014322916666666666
0 0.2109375 0.3841145833333333 0.013020833333333334 0.020833333333333332
