0 0.818359375 0.3079427083333333 0.08723958333333333 0.037760416666666664
0 0.9661458333333334 0.6106770833333334 0.020833333333333332 0.013020833333333334
0 0.7779947916666666 0.07682291666666667 0.040364583333333336 0.018229166666666668
0 0.15234375 0.4505208333333333 0.046875 0.015625
0 0.5559895833333334 0.7044270833333334 0.06510416666666667 0.036458333333333336
0 0.3528645833333333 0.5 0.046875 0.015625
0 0.9772135416666666 0.630859375 0.024739583333333332 0.01171875
0 0.0859375 0.70703125 0.0546875 0.028645833333333332
0 0.556640625 0.7200520833333334 0.053385416666666664 0.026041666666666668
0 0.09309895833333333 0.716796875 0.07421875 0.040364583333333336
0 0.9680989583333334 0.6223958333333334 0.061197916666666664 0.033854166666666664
