0 0.034505208333333336 0.287109375 0.040364583333333336 0.040364583333333336
0 0.216796875 0.6809895833333334 0.014322916666666666 0.020833333333333332
0 0.12565104166666666 0.5696614583333334 0.009114583333333334 0.014322916666666666
0 0.13541666666666666 0.427734375 0.028645833333333332 0.009114583333333334
0 0.17122395833333334 0.4798177083333333 0.01171875 0.016927083333333332
0 0.3033854166666667 0.8776041666666666 0.020833333333333332 0.015625
0 0.2701822916666667 0.8125 0.01171875 0.018229166666666668
0 0.4016927083333333 0.9427083333333334 0.016927083333333332 0.015625
0 0.07486979166666667 0.2884114583333333 0.01171875 0.009114583333333334
0 0.130859375 0.5 0.009114583333333334 0.018229166666666668
0 0.06380208333333333 0.27734375 0.018229166666666668 0.015625
0 0.2877604166666667 0.9459635416666666 0.010416666666666666 0.01953125
0 0.2513020833333333 0.771484375 0.033854166666666664 0.016927083333333332
0 0.2819010416666667 0.8470052083333334 0.01171875 0.01953125
0 0.13216145833333334 0.6627604166666666 0.009114583333333334 0.015625
