0 0.439453125 0.42578125 0.03515625 0.036458333333333336
0 0.3274739583333333 0.3444010416666667 0.022135416666666668 0.006510416666666667
0 0.5690104166666666 0.345703125 0.03125 0.032552083333333336
0 0.525390625 0.4615885416666667 0.032552083333333336 0.032552083333333336
0 0.279296875 0.2760416666666667 0.04296875 0.16666666666666666
0 0.18424479166666666 0.35546875 0.01171875 0.013020833333333334
0 0.4615885416666667 0.458984375 0.032552083333333336 0.032552083333333336
0 0.9993489583333334 0.091796875 0.0013020833333333333 0.0013020833333333333
0 0.2513020833333333 0.54296875 0.0390625 0.013020833333333334
0 0.21940104166666666 0.6484375 0.022135416666666668 0.0390625
