0 0.7630208333333334 0.4915364583333333 0.052083333333333336 0.053385416666666664
0 0.6315104166666666 0.92578125 0.08333333333333333 0.049479166666666664
0 0.6315104166666666 0.9440104166666666 0.046875 0.026041666666666668
0 0.4309895833333333 0.7447916666666666 0.036458333333333336 0.018229166666666668
0 0.20442708333333334 0.5677083333333334 0.07291666666666667 0.033854166666666664
0 0.412109375 0.7825520833333334 0.040364583333333336 0.018229166666666668
0 0.8880208333333334 0.697265625 0.10677083333333333 0.04296875
0 0.4166666666666667 0.7727864583333334 0.044270833333333336 0.01953125
0 0.9993489583333334 0.9173177083333334 0.0013020833333333333 0.037760416666666664
0 0.3645833333333333 0.21484375 0.033854166666666664 0.03125
0 0.5755208333333334 0.040364583333333336 0.08854166666666667 0.059895833333333336
0 0.4309895833333333 0.7610677083333334 0.0859375 0.040364583333333336
0 0.8626302083333334 0.27734375 0.08463541666666667 0.052083333333333336
0 0.49609375 0.4986979166666667 0.026041666666666668 0.013020833333333334
