0 0.3600260416666667 0.779296875 0.024739583333333332 0.016927083333333332
0 0.369140625 0.794921875 0.022135416666666668 0.01171875
0 0.3834635416666667 0.771484375 0.009114583333333334 0.024739583333333332
0 0.017578125 0.865234375 0.024739583333333332 0.009114583333333334
0 0.3463541666666667 0.794921875 0.005208333333333333 0.00390625
0 0.010416666666666666 0.11588541666666667 0.020833333333333332 0.018229166666666668
0 0.283203125 0.7630208333333334 0.016927083333333332 0.0234375
0 0.028645833333333332 0.876953125 0.015625 0.024739583333333332
0 0.3606770833333333 0.7962239583333334 0.0234375 0.01171875
0 0.359375 0.7864583333333334 0.026041666666666668 0.010416666666666666
