0 0.4036458333333333 0.5592447916666666 0.10416666666666667 0.037760416666666664
0 0.736328125 0.78125 0.11328125 0.041666666666666664
0 0.833984375 0.5540364583333334 0.048177083333333336 0.02734375
0 0.943359375 0.20182291666666666 0.01953125 0.013020833333333334
0 0.14908854166666666 0.21223958333333334 0.04296875 0.026041666666666668
0 0.7259114583333334 0.4010416666666667 0.055989583333333336 0.036458333333333336
0 0.18424479166666666 0.6282552083333334 0.05859375 0.022135416666666668
0 0.291015625 0.904296875 0.022135416666666668 0.01171875
0 0.4231770833333333 0.7981770833333334 0.03125 0.015625
0 0.13216145833333334 0.9752604166666666 0.053385416666666664 0.026041666666666668
