0 0.17708333333333334 0.30078125 0.018229166666666668 0.020833333333333332
0 0.2578125 0.4869791666666667 0.015625 0.020833333333333332
0 0.10546875 0.27734375 0.026041666666666668 0.0234375
0 0.083984375 0.2649739583333333 0.016927083333333332 0.016927083333333332
0 0.7454427083333334 0.6953125 0.01171875 0.015625
0 0.154296875 0.24283854166666666 0.01953125 0.01953125
0 0.0390625 0.3040364583333333 0.028645833333333332 0.02734375
0 0.1796875 0.4251302083333333 0.028645833333333332 0.02734375
0 0.4830729166666667 0.662109375 0.0390625 0.02734375
0 0.20963541666666666 0.384765625 0.018229166666666668 0.01953125
0 0.228515625 0.4609375 0.022135416666666668 0.026041666666666668
