0 0.9381510416666666 0.755859375 0.055989583333333336 0.024739583333333332
0 0.9303385416666666 0.728515625 0.032552083333333336 0.016927083333333332
0 0.8639322916666666 0.035807291666666664 0.05859375 0.01953125
0 0.057942708333333336 0.6087239583333334 0.053385416666666664 0.045572916666666664
0 0.6243489583333334 0.2858072916666667 0.06640625 0.01953125
0 0.9166666666666666 0.7473958333333334 0.08333333333333333 0.0390625
0 0.7109375 0.404296875 0.028645833333333332 0.01953125
0 0.626953125 0.275390625 0.053385416666666664 0.01171875
0 0.4342447916666667 0.630859375 0.07942708333333333 0.024739583333333332
0 0.4244791666666667 0.6490885416666666 0.1015625 0.029947916666666668
