0 0.326171875 0.763671875 0.01953125 0.014322916666666666
0 0.2903645833333333 0.8046875 0.018229166666666668 0.010416666666666666
0 0.33203125 0.8098958333333334 0.018229166666666668 0.013020833333333334
0 0.3567708333333333 0.7311197916666666 0.018229166666666668 0.01171875
0 0.3541666666666667 0.7708333333333334 0.020833333333333332 0.010416666666666666
0 0.322265625 0.6790364583333334 0.01171875 0.01953125
0 0.20963541666666666 0.8209635416666666 0.03125 0.024739583333333332
0 0.3177083333333333 0.8990885416666666 0.0234375 0.016927083333333332
0 0.3138020833333333 0.8190104166666666 0.020833333333333332 0.013020833333333334
0 0.408203125 0.59375 0.01953125 0.013020833333333334
0 0.18424479166666666 0.6953125 0.016927083333333332 0.013020833333333334
0 0.3567708333333333 0.7005208333333334 0.020833333333333332 0.013020833333333334
0 0.3079427083333333 0.8528645833333334 0.016927083333333332 0.010416666666666666
