0 0.11263020833333333 0.3567708333333333 0.037760416666666664 0.03125
0 0.10026041666666667 0.3671875 0.0390625 0.03125
0 0.15885416666666666 0.271484375 0.0625 0.040364583333333336
0 0.21354166666666666 0.24348958333333334 0.028645833333333332 0.020833333333333332
0 0.22135416666666666 0.21354166666666666 0.049479166666666664 0.036458333333333336
0 0.208984375 0.22721354166666666 0.053385416666666664 0.03515625
0 0.24283854166666666 0.19921875 0.040364583333333336 0.028645833333333332
0 0.2805989583333333 0.16145833333333334 0.037760416666666664 0.03125
0 0.2923177083333333 0.15299479166666666 0.037760416666666664 0.029947916666666668
0 0.1171875 0.3391927083333333 0.057291666666666664 0.048177083333333336
0 0.3020833333333333 0.14453125 0.036458333333333336 0.026041666666666668
0 0.2506510416666667 0.19205729166666666 0.037760416666666664 0.02734375
0 0.24088541666666666 0.20963541666666666 0.026041666666666668 0.018229166666666668
