0 0.6868489583333334 0.9485677083333334 0.01953125 0.009114583333333334
0 0.6204427083333334 0.95703125 0.06901041666666667 0.0234375
0 0.572265625 0.7936197916666666 0.053385416666666664 0.016927083333333332
0 0.7936197916666666 0.4381510416666667 0.040364583333333336 0.032552083333333336
0 0.4212239583333333 0.75 0.02734375 0.0078125
0 0.7330729166666666 0.5514322916666666 0.08333333333333333 0.029947916666666668
0 0.5631510416666666 0.767578125 0.07682291666666667 0.01953125
0 0.970703125 0.7421875 0.055989583333333336 0.020833333333333332
0 0.40625 0.740234375 0.049479166666666664 0.022135416666666668
0 0.5703125 0.78125 0.0546875 0.010416666666666666
0 0.4075520833333333 0.763671875 0.078125 0.02734375
0 0.8919270833333334 0.91796875 0.0234375 0.0078125
0 0.88671875 0.9075520833333334 0.044270833333333336 0.015625
0 0.9446614583333334 0.90625 0.040364583333333336 0.018229166666666668
