0 0.892578125 0.2884114583333333 0.07421875 0.06380208333333333
0 0.18359375 0.6263020833333334 0.078125 0.0625
0 0.2708333333333333 0.3365885416666667 0.0625 0.05078125
0 0.8157552083333334 0.8235677083333334 0.08984375 0.045572916666666664
0 0.4635416666666667 0.130859375 0.09114583333333333 0.07161458333333333
0 0.7571614583333334 0.7623697916666666 0.07421875 0.06380208333333333
0 0.2734375 0.318359375 0.033854166666666664 0.02734375
0 0.609375 0.4505208333333333 0.08072916666666667 0.0703125
0 0.509765625 0.73046875 0.11328125 0.09895833333333333
0 0.087890625 0.8743489583333334 0.08723958333333333 0.07942708333333333
0 0.6145833333333334 0.17513020833333334 0.033854166666666664 0.029947916666666668
