0 0.4596354166666667 0.7447916666666666 0.0078125 0.0078125
0 0.9947916666666666 0.11002604166666667 0.0078125 0.006510416666666667
0 0.4674479166666667 0.6901041666666666 0.033854166666666664 0.020833333333333332
0 0.578125 0.8515625 0.013020833333333334 0.013020833333333334
0 0.6575520833333334 0.11588541666666667 0.015625 0.010416666666666666
0 0.8079427083333334 0.0390625 0.01171875 0.010416666666666666
0 0.80859375 0.014973958333333334 0.013020833333333334 0.01171875
0 0.34765625 0.6868489583333334 0.010416666666666666 0.009114583333333334
0 0.650390625 0.9140625 0.01171875 0.010416666666666666
0 0.830078125 0.4889322916666667 0.029947916666666668 0.01953125
