0 0.8639322916666666 0.369140625 0.05859375 0.01953125
0 0.626953125 0.6087239583333334 0.053385416666666664 0.01171875
0 0.057942708333333336 0.9420572916666666 0.053385416666666664 0.045572916666666664
0 0.5260416666666666 0.054036458333333336 0.041666666666666664 0.014322916666666666
0 0.4596354166666667 0.29296875 0.078125 0.033854166666666664
0 0.4244791666666667 0.982421875 0.1015625 0.029947916666666668
0 0.4108072916666667 0.2890625 0.07421875 0.0390625
0 0.6243489583333334 0.619140625 0.06640625 0.01953125
0 0.7109375 0.7376302083333334 0.028645833333333332 0.01953125
0 0.4342447916666667 0.9641927083333334 0.07942708333333333 0.024739583333333332
