0 0.5338541666666666 0.5572916666666666 0.010416666666666666 0.018229166666666668
0 0.7727864583333334 0.33203125 0.01171875 0.0234375
0 0.93359375 0.611328125 0.013020833333333334 0.032552083333333336
0 0.5260416666666666 0.552734375 0.010416666666666666 0.009114583333333334
0 0.2923177083333333 0.7239583333333334 0.01171875 0.013020833333333334
0 0.9231770833333334 0.6106770833333334 0.026041666666666668 0.06510416666666667
0 0.7623697916666666 0.3391927083333333 0.014322916666666666 0.037760416666666664
0 0.75 0.3391927083333333 0.013020833333333334 0.03515625
0 0.279296875 0.7252604166666666 0.037760416666666664 0.041666666666666664
0 0.5559895833333334 0.388671875 0.033854166666666664 0.061197916666666664
