0 0.9661458333333334 0.2630208333333333 0.036458333333333336 0.036458333333333336
0 0.794921875 0.12109375 0.01171875 0.005208333333333333
0 0.986328125 0.3274739583333333 0.024739583333333332 0.022135416666666668
0 0.9459635416666666 0.2916666666666667 0.03515625 0.036458333333333336
0 0.07356770833333333 0.513671875 0.053385416666666664 0.18880208333333334
0 0.9869791666666666 0.2864583333333333 0.0234375 0.026041666666666668
0 0.912109375 0.263671875 0.037760416666666664 0.037760416666666664
0 0.9713541666666666 0.3092447916666667 0.026041666666666668 0.022135416666666668
0 0.9544270833333334 0.23372395833333334 0.0546875 0.040364583333333336
0 0.798828125 0.12565104166666666 0.01953125 0.009114583333333334
