0 0.7350260416666666 0.609375 0.016927083333333332 0.015625
0 0.248046875 0.220703125 0.022135416666666668 0.009114583333333334
0 0.46875 0.09440104166666667 0.028645833333333332 0.009114583333333334
0 0.5501302083333334 0.34765625 0.014322916666666666 0.020833333333333332
0 0.63671875 0.5442708333333334 0.020833333333333332 0.015625
0 0.603515625 0.4791666666666667 0.01171875 0.018229166666666668
0 0.458984375 0.236328125 0.009114583333333334 0.014322916666666666
0 0.4641927083333333 0.16666666666666666 0.009114583333333334 0.018229166666666668
0 0.62109375 0.6126302083333334 0.010416666666666666 0.01953125
0 0.5846354166666666 0.4381510416666667 0.033854166666666664 0.016927083333333332
0 0.615234375 0.513671875 0.01171875 0.01953125
0 0.5045572916666666 0.146484375 0.01171875 0.016927083333333332
0 0.4654947916666667 0.3294270833333333 0.009114583333333334 0.015625
