0 0.7154947916666666 0.8404947916666666 0.048177083333333336 0.06640625
0 0.13151041666666666 0.5852864583333334 0.015625 0.029947916666666668
0 0.8111979166666666 0.23372395833333334 0.057291666666666664 0.032552083333333336
0 0.14973958333333334 0.07356770833333333 0.026041666666666668 0.029947916666666668
0 0.6510416666666666 0.5930989583333334 0.03125 0.06380208333333333
0 0.7604166666666666 0.12044270833333333 0.059895833333333336 0.029947916666666668
0 0.6686197916666666 0.5983072916666666 0.037760416666666664 0.07161458333333333
0 0.162109375 0.028645833333333332 0.014322916666666666 0.020833333333333332
0 0.154296875 0.6002604166666666 0.029947916666666668 0.052083333333333336
0 0.19596354166666666 0.9309895833333334 0.032552083333333336 0.046875
0 0.154296875 0.044270833333333336 0.06640625 0.08333333333333333
