0 0.6087239583333334 0.078125 0.016927083333333332 0.018229166666666668
0 0.59375 0.06575520833333333 0.018229166666666668 0.016927083333333332
0 0.5696614583333334 0.0078125 0.01953125 0.015625
0 0.515625 0.080078125 0.020833333333333332 0.01953125
0 0.5065104166666666 0.07486979166666667 0.026041666666666668 0.024739583333333332
0 0.5768229166666666 0.10677083333333333 0.015625 0.015625
0 0.560546875 0.130859375 0.024739583333333332 0.02734375
0 0.6067708333333334 0.043619791666666664 0.015625 0.016927083333333332
0 0.53515625 0.10481770833333333 0.026041666666666668 0.024739583333333332
0 0.52734375 0.08984375 0.020833333333333332 0.020833333333333332
0 0.5377604166666666 0.0703125 0.018229166666666668 0.018229166666666668
0 0.5598958333333334 0.09114583333333333 0.018229166666666668 0.018229166666666668
