0 0.3098958333333333 0.8567708333333334 0.0234375 0.020833333333333332
0 0.0859375 0.51953125 0.09375 0.09635416666666667
0 0.6002604166666666 0.0859375 0.16927083333333334 0.171875
0 0.9993489583333334 0.7428385416666666 0.0013020833333333333 0.07421875
0 0.14453125 0.4173177083333333 0.026041666666666668 0.032552083333333336
0 0.08333333333333333 0.49609375 0.026041666666666668 0.026041666666666668
0 0.466796875 0.2897135416666667 0.01953125 0.014322916666666666
0 0.9029947916666666 0.95703125 0.11848958333333333 0.0859375
0 0.3463541666666667 0.3756510416666667 0.21875 0.2513020833333333
0 0.20442708333333334 0.35546875 0.020833333333333332 0.028645833333333332
0 0.19010416666666666 0.4029947916666667 0.08333333333333333 0.08984375
0 0.3138020833333333 0.4850260416666667 0.026041666666666668 0.029947916666666668
