0 0.9622395833333334 0.7291666666666666 0.010416666666666666 0.0078125
0 0.8470052083333334 0.794921875 0.01171875 0.01171875
0 0.853515625 0.744140625 0.009114583333333334 0.009114583333333334
0 0.9010416666666666 0.7506510416666666 0.010416666666666666 0.009114583333333334
0 0.8489583333333334 0.841796875 0.0078125 0.006510416666666667
0 0.849609375 0.7779947916666666 0.009114583333333334 0.009114583333333334
0 0.6080729166666666 0.6588541666666666 0.013020833333333334 0.013020833333333334
0 0.6171875 0.6100260416666666 0.015625 0.009114583333333334
0 0.9453125 0.751953125 0.0078125 0.006510416666666667
0 0.61328125 0.6705729166666666 0.010416666666666666 0.0078125
0 0.55078125 0.59375 0.013020833333333334 0.013020833333333334
