0 0.6614583333333334 0.7493489583333334 0.020833333333333332 0.05078125
0 0.5690104166666666 0.7916666666666666 0.013020833333333334 0.026041666666666668
0 0.556640625 0.6673177083333334 0.01953125 0.029947916666666668
0 0.8470052083333334 0.3333333333333333 0.04296875 0.033854166666666664
0 0.15755208333333334 0.23893229166666666 0.033854166666666664 0.09244791666666667
0 0.4674479166666667 0.5989583333333334 0.03125 0.06510416666666667
0 0.720703125 0.3248697916666667 0.05078125 0.045572916666666664
0 0.5592447916666666 0.193359375 0.03515625 0.014322916666666666
0 0.607421875 0.34375 0.024739583333333332 0.0859375
0 0.576171875 0.7962239583333334 0.009114583333333334 0.024739583333333332
0 0.412109375 0.25390625 0.048177083333333336 0.0859375
0 0.6751302083333334 0.490234375 0.037760416666666664 0.040364583333333336
0 0.7057291666666666 0.61328125 0.03125 0.057291666666666664
