0 0.60546875 0.8580729166666666 0.049479166666666664 0.041666666666666664
0 0.026692708333333332 0.6087239583333334 0.02734375 0.03515625
0 0.7760416666666666 0.275390625 0.036458333333333336 0.048177083333333336
0 0.6751302083333334 0.5670572916666666 0.037760416666666664 0.040364583333333336
0 0.19791666666666666 0.8671875 0.059895833333333336 0.0703125
0 0.9694010416666666 0.6555989583333334 0.05078125 0.053385416666666664
0 0.578125 0.171875 0.033854166666666664 0.0546875
0 0.3984375 0.4720052083333333 0.028645833333333332 0.05078125
0 0.8951822916666666 0.3098958333333333 0.03515625 0.044270833333333336
0 0.6861979166666666 0.57421875 0.0390625 0.041666666666666664
