0 0.4583333333333333 0.2109375 0.010416666666666666 0.0390625
0 0.470703125 0.10546875 0.016927083333333332 0.046875
0 0.08463541666666667 0.076171875 0.015625 0.048177083333333336
0 0.19596354166666666 0.052734375 0.01171875 0.055989583333333336
0 0.022135416666666668 0.17513020833333334 0.010416666666666666 0.009114583333333334
0 0.010416666666666666 0.201171875 0.013020833333333334 0.06640625
0 0.068359375 0.375 0.040364583333333336 0.059895833333333336
0 0.3098958333333333 0.2532552083333333 0.026041666666666668 0.048177083333333336
0 0.0703125 0.15755208333333334 0.028645833333333332 0.06510416666666667
0 0.3287760416666667 0.119140625 0.01171875 0.045572916666666664
0 0.14453125 0.171875 0.013020833333333334 0.033854166666666664
0 0.20638020833333334 0.21484375 0.024739583333333332 0.0546875
0 0.078125 0.0703125 0.005208333333333333 0.010416666666666666
