0 0.3046875 0.3938802083333333 0.09114583333333333 0.022135416666666668
0 0.049479166666666664 0.9791666666666666 0.059895833333333336 0.018229166666666668
0 0.8522135416666666 0.41015625 0.05859375 0.015625
0 0.904296875 0.4114583333333333 0.032552083333333336 0.013020833333333334
0 0.16145833333333334 0.5065104166666666 0.013020833333333334 0.0078125
0 0.2701822916666667 0.4596354166666667 0.11067708333333333 0.033854166666666664
0 0.8326822916666666 0.4368489583333333 0.21484375 0.045572916666666664
0 0.783203125 0.4635416666666667 0.05859375 0.015625
0 0.06901041666666667 0.958984375 0.07552083333333333 0.024739583333333332
0 0.900390625 0.67578125 0.061197916666666664 0.0234375
0 0.048828125 0.9381510416666666 0.05859375 0.01953125
0 0.2779947916666667 0.4251302083333333 0.21744791666666666 0.045572916666666664
0 0.140625 0.427734375 0.013020833333333334 0.014322916666666666
0 0.41796875 0.4140625 0.013020833333333334 0.015625
