0 0.4733072916666667 0.8815104166666666 0.024739583333333332 0.010416666666666666
0 0.9622395833333334 0.0625 0.010416666666666666 0.0078125
0 0.849609375 0.111328125 0.009114583333333334 0.009114583333333334
0 0.9010416666666666 0.083984375 0.010416666666666666 0.009114583333333334
0 0.8470052083333334 0.12825520833333334 0.01171875 0.01171875
0 0.4544270833333333 0.8977864583333334 0.015625 0.01953125
0 0.853515625 0.07747395833333333 0.009114583333333334 0.009114583333333334
0 0.4602864583333333 0.8170572916666666 0.014322916666666666 0.014322916666666666
0 0.8489583333333334 0.17513020833333334 0.0078125 0.006510416666666667
0 0.9453125 0.08528645833333333 0.0078125 0.006510416666666667
0 0.61328125 0.00390625 0.010416666666666666 0.0078125
