0 0.5240885416666666 0.3307291666666667 0.10286458333333333 0.0625
0 0.6842447916666666 0.3125 0.053385416666666664 0.026041666666666668
0 0.5592447916666666 0.5631510416666666 0.06640625 0.07421875
0 0.21484375 0.060546875 0.03125 0.045572916666666664
0 0.8450520833333334 0.123046875 0.033854166666666664 0.061197916666666664
0 0.537109375 0.3190104166666667 0.06901041666666667 0.0390625
0 0.22786458333333334 0.057291666666666664 0.013020833333333334 0.013020833333333334
0 0.14908854166666666 0.44921875 0.037760416666666664 0.049479166666666664
0 0.3515625 0.5546875 0.10416666666666667 0.026041666666666668
0 0.2669270833333333 0.2584635416666667 0.0390625 0.05078125
0 0.024088541666666668 0.4947916666666667 0.02734375 0.052083333333333336
0 0.6673177083333334 0.17513020833333334 0.05078125 0.03515625
0 0.5182291666666666 0.047526041666666664 0.0390625 0.08463541666666667
