0 0.6796875 0.5188802083333334 0.033854166666666664 0.016927083333333332
0 0.6510416666666666 0.6861979166666666 0.2864583333333333 0.13802083333333334
0 0.9993489583333334 0.5143229166666666 0.0013020833333333333 0.013020833333333334
0 0.9694010416666666 0.5579427083333334 0.05859375 0.10546875
0 0.623046875 0.4967447916666667 0.048177083333333336 0.02734375
0 0.755859375 0.5260416666666666 0.08203125 0.044270833333333336
0 0.5872395833333334 0.5696614583333334 0.11458333333333333 0.08203125
0 0.9153645833333334 0.10091145833333333 0.16666666666666666 0.17057291666666666
0 0.6549479166666666 0.486328125 0.049479166666666664 0.032552083333333336
0 0.83984375 0.51171875 0.07291666666666667 0.08854166666666667
