0 0.7630208333333334 0.158203125 0.052083333333333336 0.053385416666666664
0 0.4309895833333333 0.4114583333333333 0.036458333333333336 0.018229166666666668
0 0.20442708333333334 0.234375 0.07291666666666667 0.033854166666666664
0 0.412109375 0.44921875 0.040364583333333336 0.018229166666666668
0 0.8880208333333334 0.3639322916666667 0.10677083333333333 0.04296875
0 0.9993489583333334 0.583984375 0.0013020833333333333 0.037760416666666664
0 0.49609375 0.16536458333333334 0.026041666666666668 0.013020833333333334
0 0.4309895833333333 0.427734375 0.0859375 0.040364583333333336
0 0.6315104166666666 0.6106770833333334 0.046875 0.026041666666666668
0 0.6315104166666666 0.5924479166666666 0.08333333333333333 0.049479166666666664
0 0.4166666666666667 0.439453125 0.044270833333333336 0.01953125
