0 0.19921875 0.4055989583333333 0.0703125 0.05078125
0 0.75 0.439453125 0.044270833333333336 0.01953125
0 0.20963541666666666 0.3841145833333333 0.046875 0.036458333333333336
0 0.8294270833333334 0.16536458333333334 0.026041666666666668 0.013020833333333334
0 0.7643229166666666 0.427734375 0.0859375 0.040364583333333336
0 0.9609375 0.5924479166666666 0.07552083333333333 0.049479166666666664
0 0.361328125 0.6041666666666666 0.11067708333333333 0.1015625
0 0.15690104166666666 0.556640625 0.06640625 0.06380208333333333
0 0.7454427083333334 0.44921875 0.040364583333333336 0.018229166666666668
0 0.96484375 0.6106770833333334 0.046875 0.026041666666666668
0 0.5377604166666666 0.234375 0.07291666666666667 0.033854166666666664
0 0.7643229166666666 0.4114583333333333 0.036458333333333336 0.018229166666666668
0 0.20247395833333334 0.3899739583333333 0.037760416666666664 0.024739583333333332
