0 0.2421875 0.14583333333333334 0.033854166666666664 0.0859375
0 0.7265625 0.3079427083333333 0.0234375 0.05078125
0 0.7376302083333334 0.673828125 0.024739583333333332 0.01171875
0 0.5631510416666666 0.21419270833333334 0.0013020833333333333 0.0013020833333333333
0 0.8333333333333334 0.3098958333333333 0.08333333333333333 0.1015625
0 0.7389322916666666 0.2884114583333333 0.006510416666666667 0.022135416666666668
0 0.5625 0.244140625 0.033854166666666664 0.05859375
0 0.19791666666666666 0.13997395833333334 0.03125 0.053385416666666664
0 0.220703125 0.14388020833333334 0.02734375 0.055989583333333336
0 0.796875 0.2962239583333333 0.026041666666666668 0.02734375
