0 0.12565104166666666 0.9928385416666666 0.01953125 0.014322916666666666
0 0.83203125 0.6373697916666666 0.046875 0.03515625
0 0.04296875 0.9895833333333334 0.020833333333333332 0.020833333333333332
0 0.9993489583333334 0.869140625 0.0013020833333333333 0.0013020833333333333
0 0.59765625 0.7799479166666666 0.1015625 0.07552083333333333
0 0.03515625 0.7897135416666666 0.026041666666666668 0.024739583333333332
0 0.9993489583333334 0.9388020833333334 0.0013020833333333333 0.015625
0 0.5826822916666666 0.9296875 0.08463541666666667 0.13541666666666666
0 0.62109375 0.8138020833333334 0.140625 0.09635416666666667
0 0.30078125 0.91796875 0.028645833333333332 0.013020833333333334
0 0.7766927083333334 0.7180989583333334 0.17838541666666666 0.12369791666666667
0 0.955078125 0.9264322916666666 0.08723958333333333 0.07421875
0 0.23111979166666666 0.9759114583333334 0.01171875 0.009114583333333334
0 0.19466145833333334 0.9036458333333334 0.02734375 0.0234375
