0 0.8815104166666666 0.4029947916666667 0.015625 0.040364583333333336
0 0.5162760416666666 0.6256510416666666 0.053385416666666664 0.10807291666666667
0 0.9563802083333334 0.185546875 0.009114583333333334 0.022135416666666668
0 0.3235677083333333 0.4850260416666667 0.045572916666666664 0.07942708333333333
0 0.974609375 0.5696614583333334 0.029947916666666668 0.07682291666666667
0 0.6471354166666666 0.70703125 0.018229166666666668 0.010416666666666666
0 0.4967447916666667 0.8046875 0.032552083333333336 0.013020833333333334
0 0.697265625 0.3444010416666667 0.016927083333333332 0.07421875
0 0.9993489583333334 0.525390625 0.0013020833333333333 0.024739583333333332
0 0.9270833333333334 0.7643229166666666 0.026041666666666668 0.03125
0 0.388671875 0.888671875 0.07421875 0.07421875
0 0.9641927083333334 0.19921875 0.016927083333333332 0.046875
0 0.90625 0.9342447916666666 0.046875 0.05078125
