0 0.994140625 0.119140625 0.009114583333333334 0.045572916666666664
0 0.7513020833333334 0.076171875 0.015625 0.048177083333333336
0 0.60546875 0.3014322916666667 0.015625 0.040364583333333336
0 0.478515625 0.22591145833333334 0.014322916666666666 0.05859375
0 0.9765625 0.2532552083333333 0.026041666666666668 0.048177083333333336
0 0.8111979166666666 0.171875 0.013020833333333334 0.033854166666666664
0 0.8626302083333334 0.052734375 0.01171875 0.055989583333333336
0 0.7350260416666666 0.375 0.040364583333333336 0.059895833333333336
0 0.873046875 0.21484375 0.024739583333333332 0.0546875
0 0.5188802083333334 0.24088541666666666 0.014322916666666666 0.0078125
0 0.5989583333333334 0.068359375 0.015625 0.055989583333333336
0 0.6888020833333334 0.17513020833333334 0.010416666666666666 0.009114583333333334
0 0.7447916666666666 0.0703125 0.005208333333333333 0.010416666666666666
0 0.6770833333333334 0.201171875 0.013020833333333334 0.06640625
0 0.7369791666666666 0.15755208333333334 0.028645833333333332 0.06510416666666667
