0 0.28125 0.9010416666666666 0.013020833333333334 0.013020833333333334
0 0.07291666666666667 0.951171875 0.020833333333333332 0.016927083333333332
0 0.9993489583333334 0.6614583333333334 0.0013020833333333333 0.0078125
0 0.12630208333333334 0.6334635416666666 0.0234375 0.01171875
0 0.025390625 0.7454427083333334 0.024739583333333332 0.016927083333333332
0 0.16471354166666666 0.9622395833333334 0.014322916666666666 0.015625
0 0.2682291666666667 0.9153645833333334 0.015625 0.013020833333333334
0 0.15299479166666666 0.970703125 0.014322916666666666 0.016927083333333332
0 0.2884114583333333 0.896484375 0.014322916666666666 0.014322916666666666
0 0.2760416666666667 0.9075520833333334 0.015625 0.013020833333333334
0 0.20703125 0.98828125 0.013020833333333334 0.015625
0 0.038411458333333336 0.24153645833333334 0.06640625 0.05078125
0 0.027994791666666668 0.24934895833333334 0.014322916666666666 0.01171875
