0 0.8229166666666666 0.234375 0.0625 0.11197916666666667
0 0.034505208333333336 0.65234375 0.040364583333333336 0.0390625
0 0.9993489583333334 0.6438802083333334 0.0013020833333333333 0.00390625
0 0.591796875 0.07421875 0.040364583333333336 0.06770833333333333
0 0.69921875 0.23828125 0.020833333333333332 0.015625
0 0.603515625 0.17057291666666666 0.037760416666666664 0.033854166666666664
0 0.55859375 0.09765625 0.044270833333333336 0.0703125
0 0.7493489583333334 0.1953125 0.09765625 0.19270833333333334
0 0.701171875 0.2584635416666667 0.024739583333333332 0.037760416666666664
0 0.052734375 0.6477864583333334 0.06901041666666667 0.06640625
0 0.8098958333333334 0.5579427083333334 0.052083333333333336 0.06901041666666667
0 0.7180989583333334 0.21223958333333334 0.022135416666666668 0.0390625
