0 0.5572916666666666 0.8255208333333334 0.044270833333333336 0.015625
0 0.8509114583333334 0.6282552083333334 0.05859375 0.022135416666666668
0 0.5546875 0.3430989583333333 0.10416666666666667 0.03515625
0 0.08984375 0.9309895833333334 0.1015625 0.03125
0 0.798828125 0.9752604166666666 0.053385416666666664 0.026041666666666668
0 0.9576822916666666 0.904296875 0.022135416666666668 0.01171875
0 0.572265625 0.8079427083333334 0.10546875 0.032552083333333336
0 0.4752604166666667 0.5748697916666666 0.0859375 0.02734375
0 0.8157552083333334 0.21223958333333334 0.04296875 0.026041666666666668
0 0.20247395833333334 0.5540364583333334 0.08203125 0.02734375
