0 0.8372395833333334 0.80078125 0.10416666666666667 0.0390625
0 0.9381510416666666 0.3665364583333333 0.11848958333333333 0.040364583333333336
0 0.3873697916666667 0.10546875 0.09244791666666667 0.046875
0 0.3977864583333333 0.55859375 0.053385416666666664 0.03125
0 0.943359375 0.34375 0.037760416666666664 0.010416666666666666
0 0.8483072916666666 0.7805989583333334 0.029947916666666668 0.01171875
0 0.111328125 0.8515625 0.037760416666666664 0.015625
0 0.5963541666666666 0.380859375 0.10416666666666667 0.040364583333333336
0 0.119140625 0.8736979166666666 0.11848958333333333 0.0546875
0 0.6119791666666666 0.4010416666666667 0.028645833333333332 0.010416666666666666
