0 0.083984375 0.5983072916666666 0.016927083333333332 0.016927083333333332
0 0.228515625 0.7942708333333334 0.022135416666666668 0.026041666666666668
0 0.4830729166666667 0.9908854166666666 0.0390625 0.018229166666666668
0 0.1796875 0.7584635416666666 0.028645833333333332 0.02734375
0 0.2578125 0.8203125 0.015625 0.020833333333333332
0 0.17708333333333334 0.6341145833333334 0.018229166666666668 0.020833333333333332
0 0.10546875 0.6106770833333334 0.026041666666666668 0.0234375
0 0.20963541666666666 0.7180989583333334 0.018229166666666668 0.01953125
0 0.154296875 0.576171875 0.01953125 0.01953125
0 0.0390625 0.6373697916666666 0.028645833333333332 0.02734375
