0 0.80078125 0.09440104166666667 0.0234375 0.029947916666666668
0 0.8391927083333334 0.25390625 0.029947916666666668 0.036458333333333336
0 0.7916666666666666 0.20182291666666666 0.0234375 0.0234375
0 0.9485677083333334 0.3190104166666667 0.029947916666666668 0.026041666666666668
0 0.5989583333333334 0.08528645833333333 0.015625 0.016927083333333332
0 0.8977864583333334 0.27734375 0.01953125 0.036458333333333336
0 0.7890625 0.08984375 0.026041666666666668 0.03125
0 0.8684895833333334 0.2740885416666667 0.026041666666666668 0.037760416666666664
0 0.9069010416666666 0.2864583333333333 0.024739583333333332 0.033854166666666664
0 0.6009114583333334 0.06510416666666667 0.014322916666666666 0.013020833333333334
