0 0.349609375 0.74609375 0.048177083333333336 0.03125
0 0.3567708333333333 0.7630208333333334 0.010416666666666666 0.010416666666666666
0 0.3333333333333333 0.7662760416666666 0.020833333333333332 0.014322916666666666
0 0.059244791666666664 0.677734375 0.029947916666666668 0.022135416666666668
0 0.3326822916666667 0.7552083333333334 0.024739583333333332 0.015625
0 0.3483072916666667 0.7604166666666666 0.009114583333333334 0.010416666666666666
0 0.07552083333333333 0.6497395833333334 0.03125 0.028645833333333332
0 0.09765625 0.6647135416666666 0.0234375 0.01953125
0 0.08854166666666667 0.6953125 0.036458333333333336 0.028645833333333332
0 0.09114583333333333 0.6412760416666666 0.044270833333333336 0.03515625
0 0.07942708333333333 0.671875 0.06510416666666667 0.046875
0 0.353515625 0.7727864583333334 0.022135416666666668 0.014322916666666666
