0 0.19140625 0.6764322916666666 0.0078125 0.009114583333333334
0 0.33203125 0.5859375 0.010416666666666666 0.010416666666666666
0 0.12174479166666667 0.5247395833333334 0.009114583333333334 0.010416666666666666
0 0.23307291666666666 0.6145833333333334 0.010416666666666666 0.010416666666666666
0 0.357421875 0.6484375 0.009114583333333334 0.010416666666666666
0 0.06770833333333333 0.68359375 0.0078125 0.010416666666666666
0 0.2994791666666667 0.611328125 0.0078125 0.009114583333333334
0 0.23958333333333334 0.7024739583333334 0.0078125 0.009114583333333334
0 0.2688802083333333 0.623046875 0.009114583333333334 0.01171875
0 0.3444010416666667 0.517578125 0.009114583333333334 0.01171875
0 0.189453125 0.7044270833333334 0.009114583333333334 0.010416666666666666
0 0.22200520833333334 0.6497395833333334 0.009114583333333334 0.010416666666666666
