0 0.65234375 0.87109375 0.1875 0.03125
0 0.6393229166666666 0.8190104166666666 0.2109375 0.028645833333333332
0 0.333984375 0.8346354166666666 0.21223958333333334 0.036458333333333336
0 0.3671875 0.162109375 0.2890625 0.045572916666666664
0 0.0234375 0.7975260416666666 0.013020833333333334 0.016927083333333332
0 0.40234375 0.3502604166666667 0.3307291666666667 0.06510416666666667
0 0.328125 0.10026041666666667 0.22135416666666666 0.03125
0 0.333984375 0.88671875 0.21744791666666666 0.0390625
0 0.6966145833333334 0.3483072916666667 0.23177083333333334 0.05078125
0 0.6783854166666666 0.142578125 0.21614583333333334 0.037760416666666664
