0 0.9557291666666666 0.027994791666666668 0.013020833333333334 0.01171875
0 0.8248697916666666 0.7701822916666666 0.01171875 0.014322916666666666
0 0.5813802083333334 0.9713541666666666 0.009114583333333334 0.010416666666666666
0 0.6171875 0.8919270833333334 0.010416666666666666 0.013020833333333334
0 0.4055989583333333 0.4921875 0.024739583333333332 0.015625
0 0.7109375 0.7662760416666666 0.015625 0.01171875
0 0.62890625 0.5618489583333334 0.015625 0.009114583333333334
0 0.884765625 0.8815104166666666 0.006510416666666667 0.010416666666666666
0 0.787109375 0.83984375 0.006510416666666667 0.013020833333333334
0 0.5299479166666666 0.7473958333333334 0.015625 0.0078125
