0 0.63671875 0.22786458333333334 0.020833333333333332 0.018229166666666668
0 0.6341145833333334 0.21875 0.018229166666666668 0.015625
0 0.8072916666666666 0.20182291666666666 0.08072916666666667 0.059895833333333336
0 0.8072916666666666 0.3274739583333333 0.013020833333333334 0.01171875
0 0.564453125 0.6666666666666666 0.055989583333333336 0.046875
0 0.4557291666666667 0.4967447916666667 0.018229166666666668 0.01171875
0 0.5748697916666666 0.6985677083333334 0.06640625 0.05078125
0 0.5533854166666666 0.6575520833333334 0.026041666666666668 0.020833333333333332
0 0.6243489583333334 0.20833333333333334 0.016927083333333332 0.018229166666666668
0 0.7708333333333334 0.20182291666666666 0.033854166666666664 0.026041666666666668
0 0.5735677083333334 0.677734375 0.04296875 0.032552083333333336
0 0.462890625 0.4811197916666667 0.045572916666666664 0.029947916666666668
0 0.54296875 0.3893229166666667 0.028645833333333332 0.028645833333333332
