0 0.23046875 0.6171875 0.057291666666666664 0.0234375
0 0.055989583333333336 0.50390625 0.015625 0.013020833333333334
0 0.18424479166666666 0.7903645833333334 0.045572916666666664 0.06770833333333333
0 0.501953125 0.7890625 0.032552083333333336 0.09635416666666667
0 0.732421875 0.7734375 0.009114583333333334 0.018229166666666668
0 0.60546875 0.787109375 0.028645833333333332 0.07161458333333333
0 0.560546875 0.78515625 0.03515625 0.09114583333333333
0 0.21614583333333334 0.6009114583333334 0.018229166666666668 0.014322916666666666
0 0.6653645833333334 0.779296875 0.0390625 0.09505208333333333
0 0.580078125 0.833984375 0.05078125 0.02734375
0 0.2721354166666667 0.8548177083333334 0.0546875 0.05078125
0 0.044921875 0.4856770833333333 0.045572916666666664 0.03125
