0 0.4615885416666667 0.7923177083333334 0.032552083333333336 0.032552083333333336
0 0.525390625 0.794921875 0.032552083333333336 0.032552083333333336
0 0.3274739583333333 0.677734375 0.022135416666666668 0.006510416666666667
0 0.279296875 0.609375 0.04296875 0.16666666666666666
0 0.439453125 0.7591145833333334 0.03515625 0.036458333333333336
0 0.21940104166666666 0.9811197916666666 0.022135416666666668 0.037760416666666664
0 0.18424479166666666 0.6888020833333334 0.01171875 0.013020833333333334
0 0.9993489583333334 0.4251302083333333 0.0013020833333333333 0.0013020833333333333
0 0.2513020833333333 0.8763020833333334 0.0390625 0.013020833333333334
0 0.5690104166666666 0.6790364583333334 0.03125 0.032552083333333336
