0 0.6197916666666666 0.8274739583333334 0.057291666666666664 0.029947916666666668
0 0.83203125 0.7565104166666666 0.11979166666666667 0.052083333333333336
0 0.7369791666666666 0.22591145833333334 0.10416666666666667 0.037760416666666664
0 0.22395833333333334 0.4921875 0.044270833333333336 0.015625
0 0.4654947916666667 0.6419270833333334 0.053385416666666664 0.026041666666666668
0 0.22135416666666666 0.013671875 0.10416666666666667 0.02734375
0 0.23893229166666666 0.474609375 0.10546875 0.032552083333333336
0 0.517578125 0.294921875 0.05859375 0.022135416666666668
0 0.7565104166666666 0.46484375 0.03125 0.015625
0 0.6243489583333334 0.5709635416666666 0.022135416666666668 0.01171875
0 0.2688802083333333 0.7571614583333334 0.11328125 0.040364583333333336
0 0.14192708333333334 0.24153645833333334 0.0859375 0.02734375
