0 0.9713541666666666 0.611328125 0.0546875 0.23046875
0 0.8359375 0.18098958333333334 0.0546875 0.057291666666666664
0 0.4264322916666667 0.6100260416666666 0.016927083333333332 0.03515625
0 0.8541666666666666 0.2552083333333333 0.010416666666666666 0.020833333333333332
0 0.13346354166666666 0.87109375 0.11067708333333333 0.08072916666666667
0 0.3893229166666667 0.078125 0.044270833333333336 0.03125
0 0.8626302083333334 0.2545572916666667 0.009114583333333334 0.01953125
0 0.5520833333333334 0.046875 0.109375 0.0703125
0 0.8932291666666666 0.2884114583333333 0.044270833333333336 0.037760416666666664
0 0.4127604166666667 0.6119791666666666 0.0234375 0.041666666666666664
