0 0.7955729166666666 0.18684895833333334 0.0078125 0.006510416666666667
0 0.5930989583333334 0.054036458333333336 0.01171875 0.01171875
0 0.9010416666666666 0.2708333333333333 0.020833333333333332 0.0390625
0 0.8684895833333334 0.2721354166666667 0.018229166666666668 0.028645833333333332
0 0.79296875 0.20052083333333334 0.0234375 0.020833333333333332
0 0.9088541666666666 0.2845052083333333 0.0234375 0.032552083333333336
0 0.9778645833333334 0.3600260416666667 0.028645833333333332 0.022135416666666668
0 0.8404947916666666 0.251953125 0.024739583333333332 0.032552083333333336
0 0.951171875 0.318359375 0.037760416666666664 0.029947916666666668
0 0.6009114583333334 0.08072916666666667 0.014322916666666666 0.013020833333333334
