0 0.2838541666666667 0.462890625 0.028645833333333332 0.053385416666666664
0 0.039713541666666664 0.83984375 0.006510416666666667 0.010416666666666666
0 0.20833333333333334 0.6673177083333334 0.005208333333333333 0.006510416666666667
0 0.22526041666666666 0.619140625 0.018229166666666668 0.02734375
0 0.21549479166666666 0.6477864583333334 0.009114583333333334 0.014322916666666666
0 0.30859375 0.3984375 0.0234375 0.033854166666666664
0 0.064453125 0.11848958333333333 0.037760416666666664 0.028645833333333332
0 0.23372395833333334 0.5970052083333334 0.01171875 0.016927083333333332
0 0.20963541666666666 0.6471354166666666 0.0078125 0.013020833333333334
0 0.078125 0.3072916666666667 0.0390625 0.0703125
0 0.22591145833333334 0.548828125 0.061197916666666664 0.032552083333333336
0 0.22526041666666666 0.505859375 0.015625 0.045572916666666664
