0 0.361328125 0.9739583333333334 0.006510416666666667 0.005208333333333333
0 0.0078125 0.5364583333333334 0.013020833333333334 0.0078125
0 0.14192708333333334 0.6399739583333334 0.0078125 0.009114583333333334
0 0.13736979166666666 0.6640625 0.016927083333333332 0.015625
0 0.3645833333333333 0.9583333333333334 0.010416666666666666 0.005208333333333333
0 0.3821614583333333 0.9967447916666666 0.01171875 0.006510416666666667
0 0.9817708333333334 0.9837239583333334 0.005208333333333333 0.009114583333333334
0 0.2805989583333333 0.8098958333333334 0.01171875 0.0078125
0 0.17903645833333334 0.6529947916666666 0.006510416666666667 0.009114583333333334
0 0.19075520833333334 0.736328125 0.01171875 0.009114583333333334
0 0.3463541666666667 0.9674479166666666 0.0078125 0.005208333333333333
0 0.373046875 0.9973958333333334 0.006510416666666667 0.005208333333333333
