0 0.8951822916666666 0.3411458333333333 0.037760416666666664 0.0390625
0 0.13151041666666666 0.244140625 0.0625 0.02734375
0 0.5579427083333334 0.6048177083333334 0.03515625 0.014322916666666666
0 0.59375 0.18815104166666666 0.0234375 0.01171875
0 0.20377604166666666 0.3541666666666667 0.037760416666666664 0.07552083333333333
0 0.79296875 0.59375 0.15364583333333334 0.028645833333333332
0 0.599609375 0.6041666666666666 0.040364583333333336 0.015625
0 0.5924479166666666 0.21484375 0.0546875 0.0234375
0 0.4654947916666667 0.6067708333333334 0.037760416666666664 0.013020833333333334
0 0.611328125 0.23763020833333334 0.06380208333333333 0.02734375
0 0.302734375 0.650390625 0.04296875 0.016927083333333332
0 0.9029947916666666 0.3528645833333333 0.048177083333333336 0.049479166666666664
0 0.3072916666666667 0.6647135416666666 0.044270833333333336 0.016927083333333332
0 0.51171875 0.6041666666666666 0.0390625 0.015625
0 0.884765625 0.3352864583333333 0.032552083333333336 0.03515625
