0 0.123046875 0.5950520833333334 0.04296875 0.026041666666666668
0 0.3190104166666667 0.9296875 0.13020833333333334 0.06770833333333333
0 0.5325520833333334 0.3391927083333333 0.109375 0.05078125
0 0.9055989583333334 0.17057291666666666 0.10807291666666667 0.049479166666666664
0 0.6048177083333334 0.016276041666666668 0.10807291666666667 0.032552083333333336
0 0.89453125 0.595703125 0.109375 0.048177083333333336
0 0.18489583333333334 0.3248697916666667 0.07552083333333333 0.032552083333333336
0 0.3092447916666667 0.6536458333333334 0.10546875 0.046875
0 0.677734375 0.78515625 0.11067708333333333 0.0546875
0 0.2571614583333333 0.08528645833333333 0.07682291666666667 0.045572916666666664
