0 0.7975260416666666 0.7389322916666666 0.016927083333333332 0.016927083333333332
0 0.748046875 0.8138020833333334 0.016927083333333332 0.020833333333333332
0 0.9108072916666666 0.6803385416666666 0.01953125 0.022135416666666668
0 0.7239583333333334 0.7454427083333334 0.013020833333333334 0.02734375
0 0.89453125 0.658203125 0.020833333333333332 0.024739583333333332
0 0.7630208333333334 0.791015625 0.010416666666666666 0.01171875
0 0.8098958333333334 0.7233072916666666 0.010416666666666666 0.009114583333333334
0 0.8899739583333334 0.6653645833333334 0.01171875 0.013020833333333334
0 0.8125 0.73046875 0.010416666666666666 0.010416666666666666
0 0.7740885416666666 0.7838541666666666 0.01171875 0.010416666666666666
0 0.7936197916666666 0.7330729166666666 0.016927083333333332 0.013020833333333334
0 0.759765625 0.794921875 0.01171875 0.014322916666666666
0 0.88671875 0.6725260416666666 0.015625 0.016927083333333332
0 0.7493489583333334 0.7115885416666666 0.01953125 0.016927083333333332
0 0.900390625 0.677734375 0.01171875 0.014322916666666666
