0 0.435546875 0.5260416666666666 0.06901041666666667 0.06770833333333333
0 0.4036458333333333 0.13606770833333334 0.10677083333333333 0.04296875
0 0.4674479166666667 0.5227864583333334 0.09375 0.09244791666666667
0 0.767578125 0.408203125 0.11067708333333333 0.06901041666666667
0 0.7838541666666666 0.09114583333333333 0.1171875 0.0859375
0 0.8815104166666666 0.77734375 0.0234375 0.015625
0 0.8671875 0.9420572916666666 0.09114583333333333 0.06380208333333333
0 0.9147135416666666 0.9368489583333334 0.16796875 0.12630208333333334
0 0.22591145833333334 0.6985677083333334 0.12109375 0.07942708333333333
0 0.23307291666666666 0.3678385416666667 0.059895833333333336 0.03515625
