0 0.8580729166666666 0.23567708333333334 0.015625 0.0078125
0 0.21028645833333334 0.14778645833333334 0.016927083333333332 0.009114583333333334
0 0.8600260416666666 0.19205729166666666 0.016927083333333332 0.009114583333333334
0 0.447265625 0.349609375 0.01171875 0.006510416666666667
0 0.283203125 0.328125 0.029947916666666668 0.010416666666666666
0 0.5260416666666666 0.158203125 0.0234375 0.009114583333333334
0 0.22395833333333334 0.33984375 0.018229166666666668 0.013020833333333334
0 0.6725260416666666 0.140625 0.014322916666666666 0.010416666666666666
0 0.958984375 0.20182291666666666 0.022135416666666668 0.0078125
0 0.69140625 0.28125 0.018229166666666668 0.0078125
