0 0.2799479166666667 0.22916666666666666 0.013020833333333334 0.020833333333333332
0 0.20833333333333334 0.109375 0.018229166666666668 0.020833333333333332
0 0.24739583333333334 0.1328125 0.015625 0.020833333333333332
0 0.298828125 0.3255208333333333 0.022135416666666668 0.0234375
0 0.2799479166666667 0.08658854166666667 0.015625 0.016927083333333332
0 0.20377604166666666 0.18229166666666666 0.016927083333333332 0.0234375
0 0.3684895833333333 0.7141927083333334 0.015625 0.01953125
0 0.333984375 0.03515625 0.016927083333333332 0.015625
0 0.126953125 0.9609375 0.014322916666666666 0.0234375
0 0.2584635416666667 0.043619791666666664 0.01953125 0.01953125
