0 0.380859375 0.767578125 0.024739583333333332 0.032552083333333336
0 0.53515625 0.744140625 0.010416666666666666 0.014322916666666666
0 0.6783854166666666 0.720703125 0.013020833333333334 0.022135416666666668
0 0.9694010416666666 0.3444010416666667 0.037760416666666664 0.055989583333333336
0 0.20703125 0.7955729166666666 0.013020833333333334 0.015625
0 0.2701822916666667 0.7721354166666666 0.01953125 0.013020833333333334
0 0.12239583333333333 0.8170572916666666 0.018229166666666668 0.01171875
0 0.220703125 0.7897135416666666 0.009114583333333334 0.014322916666666666
0 0.232421875 0.7916666666666666 0.014322916666666666 0.018229166666666668
0 0.291015625 0.7779947916666666 0.014322916666666666 0.016927083333333332
0 0.189453125 0.7897135416666666 0.01171875 0.014322916666666666
0 0.5911458333333334 0.7428385416666666 0.013020833333333334 0.022135416666666668
0 0.623046875 0.7389322916666666 0.022135416666666668 0.024739583333333332
0 0.982421875 0.34765625 0.032552083333333336 0.057291666666666664
0 0.5592447916666666 0.7565104166666666 0.014322916666666666 0.018229166666666668
