0 0.736328125 0.9088541666666666 0.014322916666666666 0.0078125
0 0.06380208333333333 0.6516927083333334 0.018229166666666668 0.024739583333333332
0 0.3684895833333333 0.4375 0.125 0.1875
0 0.025390625 0.6471354166666666 0.022135416666666668 0.028645833333333332
0 0.047526041666666664 0.64453125 0.07421875 0.09635416666666667
0 0.09114583333333333 0.8880208333333334 0.015625 0.018229166666666668
0 0.11458333333333333 0.8483072916666666 0.015625 0.02734375
0 0.15690104166666666 0.884765625 0.045572916666666664 0.08723958333333333
0 0.787109375 0.177734375 0.06380208333333333 0.05078125
0 0.5520833333333334 0.84375 0.078125 0.125
0 0.16341145833333334 0.8404947916666666 0.0013020833333333333 0.0013020833333333333
0 0.8209635416666666 0.5182291666666666 0.07421875 0.10677083333333333
0 0.12434895833333333 0.8619791666666666 0.055989583333333336 0.09114583333333333
0 0.06901041666666667 0.6555989583333334 0.010416666666666666 0.009114583333333334
