0 0.2610677083333333 0.5319010416666666 0.01171875 0.006510416666666667
0 0.28125 0.5065104166666666 0.013020833333333334 0.005208333333333333
0 0.09114583333333333 0.13997395833333334 0.0078125 0.014322916666666666
0 0.306640625 0.4791666666666667 0.014322916666666666 0.005208333333333333
0 0.14908854166666666 0.7447916666666666 0.014322916666666666 0.0078125
0 0.306640625 0.47265625 0.01171875 0.005208333333333333
0 0.3046875 0.4837239583333333 0.015625 0.00390625
0 0.2981770833333333 0.4954427083333333 0.013020833333333334 0.00390625
0 0.2688802083333333 0.521484375 0.01171875 0.006510416666666667
0 0.248046875 0.54296875 0.014322916666666666 0.0078125
0 0.13151041666666666 0.77734375 0.018229166666666668 0.010416666666666666
0 0.12760416666666666 0.82421875 0.018229166666666668 0.010416666666666666
0 0.306640625 0.46484375 0.01171875 0.005208333333333333
0 0.3046875 0.4895833333333333 0.015625 0.005208333333333333
0 0.2884114583333333 0.5 0.014322916666666666 0.0078125
