0 0.15690104166666666 0.22330729166666666 0.06640625 0.06380208333333333
0 0.96484375 0.27734375 0.046875 0.026041666666666668
0 0.9609375 0.2591145833333333 0.07552083333333333 0.049479166666666664
0 0.20963541666666666 0.05078125 0.046875 0.036458333333333336
0 0.7643229166666666 0.078125 0.036458333333333336 0.018229166666666668
0 0.75 0.10611979166666667 0.044270833333333336 0.01953125
0 0.20247395833333334 0.056640625 0.037760416666666664 0.024739583333333332
0 0.19921875 0.072265625 0.0703125 0.05078125
0 0.7643229166666666 0.09440104166666667 0.0859375 0.040364583333333336
0 0.361328125 0.2708333333333333 0.11067708333333333 0.1015625
0 0.7454427083333334 0.11588541666666667 0.040364583333333336 0.018229166666666668
