0 0.3873697916666667 0.3248697916666667 0.05078125 0.045572916666666664
0 0.24283854166666666 0.7962239583333334 0.009114583333333334 0.024739583333333332
0 0.22591145833333334 0.193359375 0.03515625 0.014322916666666666
0 0.07877604166666667 0.25390625 0.048177083333333336 0.0859375
0 0.341796875 0.490234375 0.037760416666666664 0.040364583333333336
0 0.22330729166666666 0.6673177083333334 0.01953125 0.029947916666666668
0 0.3723958333333333 0.61328125 0.03125 0.057291666666666664
0 0.513671875 0.3333333333333333 0.04296875 0.033854166666666664
0 0.2740885416666667 0.34375 0.024739583333333332 0.0859375
0 0.13411458333333334 0.5989583333333334 0.03125 0.06510416666666667
0 0.23567708333333334 0.7916666666666666 0.013020833333333334 0.026041666666666668
0 0.328125 0.7493489583333334 0.020833333333333332 0.05078125
