0 0.734375 0.6588541666666666 0.033854166666666664 0.049479166666666664
0 0.9453125 0.5065104166666666 0.018229166666666668 0.0078125
0 0.7994791666666666 0.783203125 0.020833333333333332 0.009114583333333334
0 0.7936197916666666 0.826171875 0.01953125 0.01171875
0 0.9524739583333334 0.5006510416666666 0.016927083333333332 0.009114583333333334
0 0.6731770833333334 0.6458333333333334 0.015625 0.018229166666666668
0 0.8626302083333334 0.10286458333333333 0.01171875 0.015625
0 0.8587239583333334 0.4915364583333333 0.01953125 0.01953125
0 0.9186197916666666 0.5416666666666666 0.01953125 0.010416666666666666
0 0.9641927083333334 0.4954427083333333 0.016927083333333332 0.009114583333333334
0 0.92578125 0.5325520833333334 0.013020833333333334 0.0078125
