0 0.2799479166666667 0.3372395833333333 0.010416666666666666 0.0078125
0 0.515625 0.5084635416666666 0.0078125 0.006510416666666667
0 0.2747395833333333 0.3255208333333333 0.013020833333333334 0.013020833333333334
0 0.5162760416666666 0.4446614583333333 0.009114583333333334 0.009114583333333334
0 0.6119791666666666 0.4186197916666667 0.0078125 0.006510416666666667
0 0.5677083333333334 0.4173177083333333 0.010416666666666666 0.009114583333333334
0 0.513671875 0.4615885416666667 0.01171875 0.01171875
0 0.21614583333333334 0.2591145833333333 0.013020833333333334 0.013020833333333334
0 0.9661458333333334 0.587890625 0.015625 0.022135416666666668
0 0.5201822916666666 0.4108072916666667 0.009114583333333334 0.009114583333333334
0 0.62890625 0.3958333333333333 0.010416666666666666 0.0078125
0 0.2838541666666667 0.2766927083333333 0.015625 0.009114583333333334
