0 0.46875 0.86328125 0.0078125 0.013020833333333334
0 0.5442708333333334 0.4680989583333333 0.0078125 0.01171875
0 0.59765625 0.23567708333333334 0.010416666666666666 0.013020833333333334
0 0.5618489583333334 0.9251302083333334 0.01171875 0.014322916666666666
0 0.47265625 0.6770833333333334 0.010416666666666666 0.013020833333333334
0 0.39453125 0.576171875 0.010416666666666666 0.01171875
0 0.7278645833333334 0.70703125 0.0078125 0.010416666666666666
0 0.8411458333333334 0.8658854166666666 0.010416666666666666 0.013020833333333334
0 0.4700520833333333 0.17513020833333334 0.0078125 0.014322916666666666
0 0.5305989583333334 0.2727864583333333 0.006510416666666667 0.01171875
0 0.71875 0.3059895833333333 0.013020833333333334 0.015625
0 0.638671875 0.4368489583333333 0.01171875 0.01171875
0 0.5598958333333334 0.4680989583333333 0.0078125 0.01171875
0 0.298828125 0.22721354166666666 0.00390625 0.009114583333333334
0 0.4674479166666667 0.5572916666666666 0.010416666666666666 0.0078125
