0 0.07877604166666667 0.2584635416666667 0.014322916666666666 0.009114583333333334
0 0.8958333333333334 0.026692708333333332 0.020833333333333332 0.053385416666666664
0 0.9127604166666666 0.03125 0.020833333333333332 0.0625
0 0.5924479166666666 0.4453125 0.015625 0.015625
0 0.8541666666666666 0.04296875 0.03125 0.0859375
0 0.52734375 0.4498697916666667 0.033854166666666664 0.10807291666666667
0 0.8782552083333334 0.030598958333333332 0.016927083333333332 0.061197916666666664
0 0.931640625 0.035807291666666664 0.024739583333333332 0.06380208333333333
0 0.9505208333333334 0.033203125 0.020833333333333332 0.053385416666666664
0 0.830078125 0.03125 0.022135416666666668 0.0625
0 0.7936197916666666 0.8333333333333334 0.024739583333333332 0.0546875
