0 0.050130208333333336 0.8248697916666666 0.040364583333333336 0.037760416666666664
0 0.8294270833333334 0.64453125 0.057291666666666664 0.06510416666666667
0 0.9993489583333334 0.7819010416666666 0.0013020833333333333 0.009114583333333334
0 0.7317708333333334 0.4440104166666667 0.0625 0.052083333333333336
0 0.1875 0.9407552083333334 0.0546875 0.040364583333333336
0 0.826171875 0.91015625 0.048177083333333336 0.041666666666666664
0 0.3828125 0.38671875 0.0546875 0.041666666666666664
0 0.3678385416666667 0.9401041666666666 0.04296875 0.0546875
0 0.3561197916666667 0.9446614583333334 0.040364583333333336 0.053385416666666664
0 0.24739583333333334 0.806640625 0.028645833333333332 0.01953125
0 0.6529947916666666 0.8736979166666666 0.04296875 0.046875
0 0.5013020833333334 0.6197916666666666 0.0546875 0.046875
0 0.4928385416666667 0.6341145833333334 0.10546875 0.09114583333333333
0 0.22135416666666666 0.787109375 0.018229166666666668 0.014322916666666666
