0 0.5768229166666666 0.7734375 0.015625 0.015625
0 0.5377604166666666 0.7369791666666666 0.018229166666666668 0.018229166666666668
0 0.560546875 0.7975260416666666 0.024739583333333332 0.02734375
0 0.515625 0.7467447916666666 0.020833333333333332 0.01953125
0 0.52734375 0.7565104166666666 0.020833333333333332 0.020833333333333332
0 0.53515625 0.771484375 0.026041666666666668 0.024739583333333332
0 0.6067708333333334 0.7102864583333334 0.015625 0.016927083333333332
0 0.5598958333333334 0.7578125 0.018229166666666668 0.018229166666666668
0 0.59375 0.732421875 0.018229166666666668 0.016927083333333332
0 0.5696614583333334 0.6725260416666666 0.01953125 0.01953125
0 0.5065104166666666 0.7415364583333334 0.026041666666666668 0.024739583333333332
0 0.6087239583333334 0.7447916666666666 0.016927083333333332 0.018229166666666668
