0 0.7682291666666666 0.01171875 0.07552083333333333 0.0234375
0 0.9010416666666666 0.201171875 0.03125 0.06380208333333333
0 0.7096354166666666 0.21484375 0.08854166666666667 0.026041666666666668
0 0.14713541666666666 0.6647135416666666 0.044270833333333336 0.06901041666666667
0 0.8411458333333334 0.7239583333333334 0.041666666666666664 0.06510416666666667
0 0.22395833333333334 0.6608072916666666 0.0234375 0.01171875
0 0.541015625 0.4759114583333333 0.016927083333333332 0.01953125
0 0.5514322916666666 0.4622395833333333 0.037760416666666664 0.0546875
0 0.912109375 0.19270833333333334 0.01171875 0.020833333333333332
0 0.212890625 0.673828125 0.048177083333333336 0.024739583333333332
0 0.23958333333333334 0.6822916666666666 0.09375 0.0546875
