0 0.728515625 0.3639322916666667 0.04296875 0.08203125
0 0.2578125 0.4029947916666667 0.0234375 0.014322916666666666
0 0.22916666666666666 0.41015625 0.036458333333333336 0.026041666666666668
0 0.5970052083333334 0.314453125 0.07421875 0.13151041666666666
0 0.09309895833333333 0.2779947916666667 0.016927083333333332 0.01171875
0 0.12630208333333334 0.208984375 0.028645833333333332 0.01171875
0 0.080078125 0.22200520833333334 0.09765625 0.014322916666666666
0 0.24739583333333334 0.4446614583333333 0.033854166666666664 0.01953125
0 0.2630208333333333 0.4212239583333333 0.020833333333333332 0.029947916666666668
0 0.2760416666666667 0.41796875 0.020833333333333332 0.033854166666666664
0 0.75 0.3645833333333333 0.0546875 0.10416666666666667
0 0.2506510416666667 0.4537760416666667 0.037760416666666664 0.022135416666666668
0 0.09244791666666667 0.302734375 0.020833333333333332 0.009114583333333334
