0 0.5983072916666666 0.369140625 0.024739583333333332 0.06380208333333333
0 0.9622395833333334 0.958984375 0.07291666666666667 0.053385416666666664
0 0.95703125 0.916015625 0.08333333333333333 0.053385416666666664
0 0.9173177083333334 0.3704427083333333 0.03515625 0.08203125
0 0.5625 0.359375 0.020833333333333332 0.0546875
0 0.4967447916666667 0.3587239583333333 0.022135416666666668 0.07421875
0 0.5794270833333334 0.3645833333333333 0.020833333333333332 0.0625
0 0.6171875 0.3665364583333333 0.020833333333333332 0.053385416666666664
0 0.89453125 0.3626302083333333 0.033854166666666664 0.08203125
0 0.2591145833333333 0.7786458333333334 0.015625 0.015625
0 0.9322916666666666 0.3802083333333333 0.010416666666666666 0.03125
0 0.19401041666666666 0.783203125 0.033854166666666664 0.10807291666666667
0 0.521484375 0.3671875 0.032552083333333336 0.10416666666666667
0 0.5442708333333334 0.361328125 0.018229166666666668 0.06640625
