0 0.5690104166666666 0.08203125 0.020833333333333332 0.013020833333333334
0 0.541015625 0.06770833333333333 0.01953125 0.013020833333333334
0 0.5390625 0.119140625 0.018229166666666668 0.01171875
0 0.533203125 0.283203125 0.01953125 0.014322916666666666
0 0.5813802083333334 0.03125 0.01953125 0.010416666666666666
0 0.4615885416666667 0.2649739583333333 0.01953125 0.01953125
0 0.5735677083333334 0.20768229166666666 0.016927083333333332 0.009114583333333334
0 0.4811197916666667 0.2936197916666667 0.014322916666666666 0.014322916666666666
0 0.5266927083333334 0.22591145833333334 0.022135416666666668 0.014322916666666666
0 0.5442708333333334 0.14973958333333334 0.015625 0.015625
0 0.5221354166666666 0.018229166666666668 0.020833333333333332 0.018229166666666668
