0 0.16796875 0.6197916666666666 0.0546875 0.046875
0 0.034505208333333336 0.9401041666666666 0.04296875 0.0546875
0 0.767578125 0.24544270833333334 0.03515625 0.053385416666666664
0 0.022786458333333332 0.9446614583333334 0.040364583333333336 0.053385416666666664
0 0.8580729166666666 0.556640625 0.09895833333333333 0.09765625
0 0.8483072916666666 0.5696614583333334 0.045572916666666664 0.048177083333333336
0 0.15950520833333334 0.6341145833333334 0.10546875 0.09114583333333333
0 0.3984375 0.4440104166666667 0.0625 0.052083333333333336
0 0.3196614583333333 0.8736979166666666 0.04296875 0.046875
0 0.49609375 0.64453125 0.057291666666666664 0.06510416666666667
0 0.4928385416666667 0.91015625 0.048177083333333336 0.041666666666666664
0 0.049479166666666664 0.38671875 0.0546875 0.041666666666666664
