0 0.798828125 0.994140625 0.009114583333333334 0.01171875
0 0.7415364583333334 0.6217447916666666 0.01171875 0.009114583333333334
0 0.73046875 0.6106770833333334 0.018229166666666668 0.015625
0 0.4055989583333333 0.5709635416666666 0.009114583333333334 0.016927083333333332
0 0.8020833333333334 0.7610677083333334 0.028645833333333332 0.009114583333333334
0 0.7923177083333334 0.9029947916666666 0.009114583333333334 0.014322916666666666
0 0.5813802083333334 0.8873697916666666 0.022135416666666668 0.009114583333333334
0 0.837890625 0.8131510416666666 0.01171875 0.016927083333333332
0 0.7975260416666666 0.8333333333333334 0.009114583333333334 0.018229166666666668
0 0.701171875 0.6204427083333334 0.040364583333333336 0.040364583333333336
0 0.11067708333333333 0.8483072916666666 0.013020833333333334 0.016927083333333332
