0 0.333984375 0.6204427083333334 0.014322916666666666 0.014322916666666666
0 0.4459635416666667 0.458984375 0.006510416666666667 0.006510416666666667
0 0.0546875 0.7037760416666666 0.028645833333333332 0.024739583333333332
0 0.4622395833333333 0.4498697916666667 0.0078125 0.006510416666666667
0 0.3880208333333333 0.544921875 0.013020833333333334 0.014322916666666666
0 0.302734375 0.58203125 0.016927083333333332 0.013020833333333334
0 0.3658854166666667 0.5859375 0.015625 0.013020833333333334
0 0.3893229166666667 0.4479166666666667 0.013020833333333334 0.010416666666666666
0 0.22721354166666666 0.58984375 0.006510416666666667 0.0078125
0 0.5227864583333334 0.4791666666666667 0.014322916666666666 0.018229166666666668
