0 0.6119791666666666 0.4661458333333333 0.010416666666666666 0.015625
0 0.9361979166666666 0.059895833333333336 0.018229166666666668 0.0234375
0 0.216796875 0.7578125 0.016927083333333332 0.018229166666666668
0 0.7578125 0.19010416666666666 0.0234375 0.018229166666666668
0 0.6712239583333334 0.3509114583333333 0.029947916666666668 0.048177083333333336
0 0.8626302083333334 0.103515625 0.037760416666666664 0.03515625
0 0.6360677083333334 0.3424479166666667 0.040364583333333336 0.057291666666666664
0 0.689453125 0.22330729166666666 0.024739583333333332 0.01953125
0 0.654296875 0.3470052083333333 0.040364583333333336 0.05859375
0 0.6927083333333334 0.23763020833333334 0.026041666666666668 0.01953125
0 0.744140625 0.2109375 0.05078125 0.041666666666666664
0 0.7311197916666666 0.21875 0.05078125 0.044270833333333336
0 0.92578125 0.06380208333333333 0.018229166666666668 0.0234375
0 0.6829427083333334 0.25390625 0.03515625 0.026041666666666668
0 0.7180989583333334 0.228515625 0.05078125 0.045572916666666664
