0 0.5462239583333334 0.14322916666666666 0.014322916666666666 0.057291666666666664
0 0.78515625 0.759765625 0.0078125 0.014322916666666666
0 0.908203125 0.15364583333333334 0.09244791666666667 0.044270833333333336
0 0.28125 0.9752604166666666 0.018229166666666668 0.010416666666666666
0 0.654296875 0.18033854166666666 0.05078125 0.014322916666666666
0 0.3131510416666667 0.947265625 0.12369791666666667 0.048177083333333336
0 0.8984375 0.5208333333333334 0.1015625 0.036458333333333336
0 0.6627604166666666 0.8450520833333334 0.12239583333333333 0.041666666666666664
0 0.5110677083333334 0.5930989583333334 0.10286458333333333 0.037760416666666664
0 0.125 0.6998697916666666 0.13802083333333334 0.037760416666666664
0 0.09309895833333333 0.2936197916666667 0.12630208333333334 0.05078125
0 0.287109375 0.9641927083333334 0.06901041666666667 0.024739583333333332
