0 0.5865885416666666 0.7252604166666666 0.014322916666666666 0.010416666666666666
0 0.38671875 0.17903645833333334 0.018229166666666668 0.014322916666666666
0 0.046223958333333336 0.5364583333333334 0.014322916666666666 0.015625
0 0.5364583333333334 0.7740885416666666 0.013020833333333334 0.014322916666666666
0 0.3743489583333333 0.228515625 0.01953125 0.016927083333333332
0 0.677734375 0.4583333333333333 0.024739583333333332 0.018229166666666668
0 0.2799479166666667 0.333984375 0.013020833333333334 0.01171875
0 0.6731770833333334 0.5748697916666666 0.026041666666666668 0.014322916666666666
0 0.33203125 0.263671875 0.020833333333333332 0.01953125
0 0.7467447916666666 0.6067708333333334 0.022135416666666668 0.015625
0 0.2877604166666667 0.291015625 0.015625 0.014322916666666666
0 0.3274739583333333 0.2721354166666667 0.014322916666666666 0.013020833333333334
0 0.3157552083333333 0.2779947916666667 0.014322916666666666 0.014322916666666666
0 0.6022135416666666 0.7135416666666666 0.02734375 0.0234375
