0 0.896484375 0.11458333333333333 0.016927083333333332 0.018229166666666668
0 0.671875 0.9765625 0.03125 0.03125
0 0.6998697916666666 0.4440104166666667 0.029947916666666668 0.036458333333333336
0 0.16015625 0.6725260416666666 0.020833333333333332 0.024739583333333332
0 0.8873697916666666 0.13151041666666666 0.08984375 0.09895833333333333
0 0.6608072916666666 0.439453125 0.12109375 0.14453125
0 0.6790364583333334 0.935546875 0.12630208333333334 0.12890625
0 0.14388020833333334 0.6940104166666666 0.12109375 0.140625
0 0.294921875 0.22200520833333334 0.024739583333333332 0.032552083333333336
0 0.13541666666666666 0.7291666666666666 0.026041666666666668 0.03125
0 0.3046875 0.185546875 0.11197916666666667 0.14453125
