0 0.609375 0.13736979166666666 0.020833333333333332 0.037760416666666664
0 0.5533854166666666 0.154296875 0.026041666666666668 0.048177083333333336
0 0.515625 0.23958333333333334 0.015625 0.044270833333333336
0 0.6256510416666666 0.14388020833333334 0.02734375 0.055989583333333336
0 0.5989583333333334 0.14583333333333334 0.026041666666666668 0.046875
0 0.3958333333333333 0.6875 0.06510416666666667 0.078125
0 0.5690104166666666 0.15364583333333334 0.028645833333333332 0.052083333333333336
0 0.6790364583333334 0.14713541666666666 0.032552083333333336 0.0625
0 0.423828125 0.18815104166666666 0.022135416666666668 0.053385416666666664
0 0.010416666666666666 0.4029947916666667 0.015625 0.016927083333333332
0 0.33203125 0.4602864583333333 0.0234375 0.016927083333333332
0 0.974609375 0.061848958333333336 0.032552083333333336 0.01171875
0 0.4368489583333333 0.255859375 0.05859375 0.032552083333333336
0 0.6516927083333334 0.150390625 0.037760416666666664 0.061197916666666664
0 0.9381510416666666 0.73828125 0.040364583333333336 0.046875
