0 0.876953125 0.3404947916666667 0.009114583333333334 0.014322916666666666
0 0.1484375 0.6920572916666666 0.015625 0.016927083333333332
0 0.8216145833333334 0.5234375 0.010416666666666666 0.015625
0 0.9563802083333334 0.16145833333333334 0.02734375 0.015625
0 0.98046875 0.24544270833333334 0.0078125 0.009114583333333334
0 0.388671875 0.7109375 0.0013020833333333333 0.0026041666666666665
0 0.3919270833333333 0.712890625 0.0026041666666666665 0.0013020833333333333
0 0.5924479166666666 0.712890625 0.010416666666666666 0.01171875
0 0.9557291666666666 0.6380208333333334 0.018229166666666668 0.018229166666666668
0 0.09700520833333333 0.7552083333333334 0.014322916666666666 0.013020833333333334
0 0.7018229166666666 0.6614583333333334 0.020833333333333332 0.0234375
0 0.9505208333333334 0.4147135416666667 0.015625 0.01953125
0 0.030598958333333332 0.5611979166666666 0.006510416666666667 0.010416666666666666
