0 0.6822916666666666 0.8580729166666666 0.020833333333333332 0.049479166666666664
0 0.6790364583333334 0.7369791666666666 0.040364583333333336 0.057291666666666664
0 0.9388020833333334 0.4290364583333333 0.057291666666666664 0.05859375
0 0.6881510416666666 0.9427083333333334 0.016927083333333332 0.041666666666666664
0 0.6940104166666666 0.7330729166666666 0.03125 0.041666666666666664
0 0.6731770833333334 0.9446614583333334 0.015625 0.04296875
0 0.6640625 0.7428385416666666 0.033854166666666664 0.053385416666666664
0 0.9563802083333334 0.38671875 0.014322916666666666 0.010416666666666666
0 0.9407552083333334 0.4010416666666667 0.009114583333333334 0.0078125
0 0.6412760416666666 0.6966145833333334 0.03515625 0.049479166666666664
0 0.65234375 0.75 0.028645833333333332 0.046875
0 0.6295572916666666 0.70703125 0.02734375 0.041666666666666664
0 0.6953125 0.8645833333333334 0.020833333333333332 0.049479166666666664
0 0.9388020833333334 0.396484375 0.018229166666666668 0.014322916666666666
