0 0.626953125 0.8365885416666666 0.01171875 0.01171875
0 0.19921875 0.7975260416666666 0.0234375 0.029947916666666668
0 0.5768229166666666 0.8346354166666666 0.013020833333333334 0.013020833333333334
0 0.7317708333333334 0.5078125 0.018229166666666668 0.015625
0 0.5104166666666666 0.9739583333333334 0.013020833333333334 0.010416666666666666
0 0.638671875 0.8665364583333334 0.01171875 0.014322916666666666
0 0.5833333333333334 0.85546875 0.010416666666666666 0.010416666666666666
0 0.6927083333333334 0.7278645833333334 0.015625 0.013020833333333334
0 0.759765625 0.5794270833333334 0.009114583333333334 0.010416666666666666
0 0.6875 0.6809895833333334 0.015625 0.013020833333333334
0 0.6432291666666666 0.80078125 0.013020833333333334 0.013020833333333334
0 0.7578125 0.666015625 0.013020833333333334 0.01171875
