0 0.3177083333333333 0.3255208333333333 0.044270833333333336 0.020833333333333332
0 0.3072916666666667 0.3678385416666667 0.033854166666666664 0.022135416666666668
0 0.19010416666666666 0.123046875 0.015625 0.029947916666666668
0 0.20572916666666666 0.111328125 0.018229166666666668 0.040364583333333336
0 0.24674479166666666 0.055338541666666664 0.006510416666666667 0.014322916666666666
0 0.083984375 0.5345052083333334 0.05859375 0.03515625
0 0.3157552083333333 0.3385416666666667 0.040364583333333336 0.018229166666666668
0 0.21419270833333334 0.111328125 0.016927083333333332 0.037760416666666664
0 0.35546875 0.13541666666666666 0.020833333333333332 0.044270833333333336
0 0.181640625 0.126953125 0.022135416666666668 0.040364583333333336
0 0.66015625 0.06575520833333333 0.010416666666666666 0.01171875
0 0.3131510416666667 0.34765625 0.037760416666666664 0.020833333333333332
0 0.19661458333333334 0.11458333333333333 0.026041666666666668 0.046875
0 0.3671875 0.13932291666666666 0.015625 0.046875
0 0.3092447916666667 0.357421875 0.03515625 0.022135416666666668
