0 0.97265625 0.5377604166666666 0.010416666666666666 0.015625
0 0.7819010416666666 0.10286458333333333 0.014322916666666666 0.013020833333333334
0 0.4459635416666667 0.9186197916666666 0.016927083333333332 0.01953125
0 0.5169270833333334 0.716796875 0.020833333333333332 0.009114583333333334
0 0.9713541666666666 0.982421875 0.013020833333333334 0.009114583333333334
0 0.9772135416666666 0.935546875 0.01171875 0.006510416666666667
0 0.9889322916666666 0.599609375 0.01953125 0.01171875
0 0.9908854166666666 0.8717447916666666 0.015625 0.01171875
0 0.9635416666666666 0.986328125 0.015625 0.01171875
0 0.458984375 0.7102864583333334 0.014322916666666666 0.01953125
