0 0.892578125 0.9661458333333334 0.009114583333333334 0.013020833333333334
0 0.9140625 0.9615885416666666 0.0078125 0.01171875
0 0.9544270833333334 0.9524739583333334 0.013020833333333334 0.01171875
0 0.87109375 0.97265625 0.0078125 0.013020833333333334
0 0.931640625 0.9576822916666666 0.006510416666666667 0.01171875
0 0.9368489583333334 0.9563802083333334 0.006510416666666667 0.01171875
0 0.8828125 0.9700520833333334 0.010416666666666666 0.013020833333333334
0 0.9440104166666666 0.9524739583333334 0.0078125 0.01171875
0 0.9016927083333334 0.9635416666666666 0.009114583333333334 0.013020833333333334
0 0.87890625 0.97265625 0.0078125 0.010416666666666666
0 0.921875 0.9602864583333334 0.010416666666666666 0.01171875
