0 0.0859375 0.7265625 0.0078125 0.0078125
0 0.099609375 0.7610677083333334 0.014322916666666666 0.014322916666666666
0 0.6360677083333334 0.9420572916666666 0.01171875 0.016927083333333332
0 0.189453125 0.9069010416666666 0.014322916666666666 0.014322916666666666
0 0.11783854166666667 0.671875 0.009114583333333334 0.010416666666666666
0 0.251953125 0.6640625 0.014322916666666666 0.005208333333333333
0 0.07421875 0.87890625 0.013020833333333334 0.013020833333333334
0 0.2897135416666667 0.689453125 0.014322916666666666 0.01171875
0 0.9993489583333334 0.970703125 0.0013020833333333333 0.009114583333333334
0 0.216796875 0.845703125 0.014322916666666666 0.014322916666666666
0 0.47265625 0.9720052083333334 0.010416666666666666 0.006510416666666667
0 0.11263020833333333 0.9166666666666666 0.006510416666666667 0.010416666666666666
0 0.4303385416666667 0.3697916666666667 0.01171875 0.0078125
