0 0.5299479166666666 0.0078125 0.010416666666666666 0.0078125
0 0.490234375 0.7454427083333334 0.01171875 0.014322916666666666
0 0.8821614583333334 0.43359375 0.11328125 0.08072916666666667
0 0.404296875 0.16341145833333334 0.006510416666666667 0.01171875
0 0.4674479166666667 0.044270833333333336 0.013020833333333334 0.0078125
0 0.4602864583333333 0.0234375 0.01171875 0.010416666666666666
0 0.4251302083333333 0.06705729166666667 0.01171875 0.006510416666666667
0 0.4518229166666667 0.036458333333333336 0.013020833333333334 0.005208333333333333
0 0.5540364583333334 0.13606770833333334 0.016927083333333332 0.009114583333333334
0 0.3880208333333333 0.08268229166666667 0.010416666666666666 0.009114583333333334
0 0.5481770833333334 0.5227864583333334 0.005208333333333333 0.009114583333333334
0 0.7024739583333334 0.5006510416666666 0.009114583333333334 0.00390625
0 0.4420572916666667 0.061197916666666664 0.01171875 0.010416666666666666
