0 0.95703125 0.08984375 0.044270833333333336 0.013020833333333334
0 0.9518229166666666 0.1171875 0.044270833333333336 0.018229166666666668
0 0.9524739583333334 0.10286458333333333 0.08463541666666667 0.033854166666666664
0 0.3763020833333333 0.111328125 0.08072916666666667 0.040364583333333336
0 0.958984375 0.125 0.032552083333333336 0.015625
0 0.5611979166666666 0.6119791666666666 0.109375 0.049479166666666664
0 0.8352864583333334 0.3040364583333333 0.06380208333333333 0.032552083333333336
0 0.451171875 0.3365885416666667 0.06901041666666667 0.029947916666666668
0 0.9602864583333334 0.080078125 0.03515625 0.016927083333333332
0 0.7115885416666666 0.5865885416666666 0.03515625 0.01953125
