0 0.4029947916666667 0.15169270833333334 0.006510416666666667 0.006510416666666667
0 0.18294270833333334 0.5305989583333334 0.00390625 0.006510416666666667
0 0.232421875 0.9856770833333334 0.014322916666666666 0.010416666666666666
0 0.19921875 0.5338541666666666 0.010416666666666666 0.005208333333333333
0 0.22135416666666666 0.91796875 0.010416666666666666 0.005208333333333333
0 0.21484375 0.900390625 0.010416666666666666 0.009114583333333334
0 0.24283854166666666 0.4329427083333333 0.01171875 0.01171875
0 0.5247395833333334 0.5227864583333334 0.010416666666666666 0.01171875
0 0.19921875 0.8971354166666666 0.010416666666666666 0.0078125
0 0.2708333333333333 0.4251302083333333 0.010416666666666666 0.006510416666666667
0 0.259765625 0.4947916666666667 0.009114583333333334 0.0078125
