0 0.44921875 0.4694010416666667 0.0234375 0.01171875
0 0.53515625 0.4654947916666667 0.0234375 0.014322916666666666
0 0.4837239583333333 0.5716145833333334 0.022135416666666668 0.013020833333333334
0 0.5221354166666666 0.447265625 0.018229166666666668 0.009114583333333334
0 0.408203125 0.47265625 0.02734375 0.015625
0 0.4296875 0.6953125 0.028645833333333332 0.020833333333333332
0 0.3561197916666667 0.369140625 0.022135416666666668 0.01171875
0 0.396484375 0.4264322916666667 0.022135416666666668 0.01953125
0 0.599609375 0.5716145833333334 0.01953125 0.020833333333333332
0 0.498046875 0.4654947916666667 0.024739583333333332 0.009114583333333334
