0 0.896484375 0.3268229166666667 0.07161458333333333 0.052083333333333336
0 0.73828125 0.8834635416666666 0.03125 0.055989583333333336
0 0.5403645833333334 0.888671875 0.018229166666666668 0.022135416666666668
0 0.4954427083333333 0.2721354166666667 0.045572916666666664 0.06770833333333333
0 0.8372395833333334 0.039713541666666664 0.0703125 0.07161458333333333
0 0.5169270833333334 0.3190104166666667 0.020833333333333332 0.028645833333333332
0 0.4934895833333333 0.3287760416666667 0.13541666666666666 0.20703125
0 0.5149739583333334 0.19596354166666666 0.016927083333333332 0.01953125
0 0.9361979166666666 0.3528645833333333 0.028645833333333332 0.020833333333333332
0 0.474609375 0.3587239583333333 0.045572916666666664 0.07161458333333333
0 0.8248697916666666 0.047526041666666664 0.022135416666666668 0.022135416666666668
0 0.6907552083333334 0.796875 0.029947916666666668 0.033854166666666664
0 0.681640625 0.7890625 0.032552083333333336 0.033854166666666664
