0 0.46484375 0.4908854166666667 0.08072916666666667 0.0625
0 0.5904947916666666 0.8619791666666666 0.045572916666666664 0.09114583333333333
0 0.3515625 0.9342447916666666 0.013020833333333334 0.029947916666666668
0 0.3932291666666667 0.9615885416666666 0.036458333333333336 0.07682291666666667
0 0.248046875 0.9583333333333334 0.032552083333333336 0.08333333333333333
0 0.3665364583333333 0.9596354166666666 0.037760416666666664 0.08072916666666667
0 0.416015625 0.9361979166666666 0.01171875 0.028645833333333332
0 0.5143229166666666 0.8782552083333334 0.044270833333333336 0.09244791666666667
0 0.7330729166666666 0.9361979166666666 0.0625 0.03125
0 0.8203125 0.9368489583333334 0.07291666666666667 0.032552083333333336
0 0.4388020833333333 0.4661458333333333 0.11979166666666667 0.09114583333333333
0 0.4153645833333333 0.4453125 0.07291666666666667 0.052083333333333336
0 0.666015625 0.8736979166666666 0.029947916666666668 0.0859375
0 0.63671875 0.8828125 0.03125 0.07552083333333333
