0 0.6595052083333334 0.3059895833333333 0.06901041666666667 0.044270833333333336
0 0.345703125 0.3326822916666667 0.061197916666666664 0.03515625
0 0.6510416666666666 0.861328125 0.026041666666666668 0.08203125
0 0.396484375 0.7395833333333334 0.09244791666666667 0.049479166666666664
0 0.44140625 0.08723958333333333 0.09375 0.052083333333333336
0 0.15690104166666666 0.18815104166666666 0.09765625 0.061197916666666664
0 0.173828125 0.61328125 0.10026041666666667 0.06510416666666667
0 0.8020833333333334 0.5475260416666666 0.09895833333333333 0.06901041666666667
0 0.4778645833333333 0.5110677083333334 0.08854166666666667 0.05859375
0 0.6595052083333334 0.29296875 0.03515625 0.0234375
0 0.21028645833333334 0.7337239583333334 0.029947916666666668 0.07161458333333333
0 0.7369791666666666 0.07291666666666667 0.049479166666666664 0.03125
