0 0.5071614583333334 0.5618489583333334 0.02734375 0.022135416666666668
0 0.2766927083333333 0.671875 0.01171875 0.015625
0 0.4134114583333333 0.458984375 0.0013020833333333333 0.0013020833333333333
0 0.6686197916666666 0.6139322916666666 0.0013020833333333333 0.0013020833333333333
0 0.7838541666666666 0.4680989583333333 0.015625 0.014322916666666666
0 0.6725260416666666 0.7799479166666666 0.006510416666666667 0.010416666666666666
0 0.669921875 0.7884114583333334 0.0013020833333333333 0.0013020833333333333
0 0.4192708333333333 0.6080729166666666 0.0234375 0.020833333333333332
0 0.818359375 0.634765625 0.014322916666666666 0.022135416666666668
0 0.4173177083333333 0.455078125 0.0013020833333333333 0.0013020833333333333
0 0.6653645833333334 0.6171875 0.0078125 0.005208333333333333
