0 0.4615885416666667 0.4928385416666667 0.014322916666666666 0.014322916666666666
0 0.57421875 0.4069010416666667 0.010416666666666666 0.032552083333333336
0 0.8938802083333334 0.16015625 0.01171875 0.015625
0 0.79296875 0.09700520833333333 0.0078125 0.006510416666666667
0 0.8743489583333334 0.083984375 0.014322916666666666 0.016927083333333332
0 0.8522135416666666 0.1171875 0.01171875 0.018229166666666668
0 0.9381510416666666 0.14908854166666666 0.016927083333333332 0.01953125
0 0.73046875 0.06575520833333333 0.0078125 0.01171875
0 0.79296875 0.107421875 0.010416666666666666 0.016927083333333332
0 0.8639322916666666 0.18424479166666666 0.01953125 0.01171875
0 0.3072916666666667 0.22005208333333334 0.010416666666666666 0.018229166666666668
0 0.7766927083333334 0.051432291666666664 0.014322916666666666 0.01171875
0 0.7877604166666666 0.75 0.020833333333333332 0.010416666666666666
0 0.9811197916666666 0.16080729166666666 0.016927083333333332 0.022135416666666668
