0 0.18229166666666666 0.24739583333333334 0.0390625 0.020833333333333332
0 0.267578125 0.4140625 0.014322916666666666 0.013020833333333334
0 0.19856770833333334 0.23763020833333334 0.029947916666666668 0.032552083333333336
0 0.6178385416666666 0.6516927083333334 0.037760416666666664 0.029947916666666668
0 0.53515625 0.60546875 0.018229166666666668 0.028645833333333332
0 0.9290364583333334 0.5598958333333334 0.009114583333333334 0.0078125
0 0.5071614583333334 0.5852864583333334 0.024739583333333332 0.032552083333333336
0 0.5677083333333334 0.6041666666666666 0.020833333333333332 0.0390625
0 0.5755208333333334 0.6178385416666666 0.0234375 0.032552083333333336
0 0.4622395833333333 0.5201822916666666 0.0078125 0.006510416666666667
0 0.64453125 0.693359375 0.028645833333333332 0.022135416666666668
0 0.830078125 0.8313802083333334 0.029947916666666668 0.02734375
0 0.259765625 0.3873697916666667 0.01171875 0.01171875
0 0.4596354166666667 0.5338541666666666 0.0234375 0.020833333333333332
