0 0.21744791666666666 0.5846354166666666 0.10416666666666667 0.0625
0 0.244140625 0.62890625 0.08723958333333333 0.0703125
0 0.20768229166666666 0.4869791666666667 0.045572916666666664 0.020833333333333332
0 0.09830729166666667 0.693359375 0.10026041666666667 0.21484375
0 0.203125 0.515625 0.06770833333333333 0.036458333333333336
0 0.203125 0.5397135416666666 0.09114583333333333 0.048177083333333336
0 0.19986979166666666 0.5657552083333334 0.08723958333333333 0.045572916666666664
0 0.10546875 0.48046875 0.013020833333333334 0.015625
0 0.2884114583333333 0.9212239583333334 0.05078125 0.08723958333333333
0 0.22916666666666666 0.6139322916666666 0.0859375 0.061197916666666664
0 0.2701822916666667 0.8528645833333334 0.01171875 0.018229166666666668
0 0.21614583333333334 0.4967447916666667 0.020833333333333332 0.014322916666666666
