0 0.7278645833333334 0.3736979166666667 0.0078125 0.010416666666666666
0 0.7630208333333334 0.734375 0.013020833333333334 0.015625
0 0.5442708333333334 0.134765625 0.0078125 0.01171875
0 0.552734375 0.8756510416666666 0.009114583333333334 0.014322916666666666
0 0.39453125 0.24283854166666666 0.010416666666666666 0.01171875
0 0.15755208333333334 0.6829427083333334 0.015625 0.009114583333333334
0 0.47265625 0.34375 0.010416666666666666 0.013020833333333334
0 0.5618489583333334 0.591796875 0.01171875 0.014322916666666666
0 0.4674479166666667 0.22395833333333334 0.010416666666666666 0.0078125
0 0.638671875 0.103515625 0.01171875 0.01171875
0 0.8411458333333334 0.5325520833333334 0.010416666666666666 0.013020833333333334
0 0.46875 0.5299479166666666 0.0078125 0.013020833333333334
0 0.5598958333333334 0.134765625 0.0078125 0.01171875
