0 0.9140625 0.294921875 0.0078125 0.01171875
0 0.9440104166666666 0.2858072916666667 0.0078125 0.01171875
0 0.921875 0.2936197916666667 0.010416666666666666 0.01171875
0 0.9544270833333334 0.2858072916666667 0.013020833333333334 0.01171875
0 0.931640625 0.291015625 0.006510416666666667 0.01171875
0 0.8828125 0.3033854166666667 0.010416666666666666 0.013020833333333334
0 0.87109375 0.3059895833333333 0.0078125 0.013020833333333334
0 0.892578125 0.2994791666666667 0.009114583333333334 0.013020833333333334
0 0.87890625 0.3059895833333333 0.0078125 0.010416666666666666
0 0.9368489583333334 0.2897135416666667 0.006510416666666667 0.01171875
0 0.9016927083333334 0.296875 0.009114583333333334 0.013020833333333334
