0 0.09309895833333333 0.794921875 0.01171875 0.014322916666666666
0 0.22330729166666666 0.6653645833333334 0.01171875 0.013020833333333334
0 0.22786458333333334 0.658203125 0.020833333333333332 0.024739583333333332
0 0.14583333333333334 0.73046875 0.010416666666666666 0.010416666666666666
0 0.126953125 0.7330729166666666 0.016927083333333332 0.013020833333333334
0 0.057291666666666664 0.7454427083333334 0.013020833333333334 0.02734375
0 0.22005208333333334 0.6725260416666666 0.015625 0.016927083333333332
0 0.244140625 0.6803385416666666 0.01953125 0.022135416666666668
0 0.09635416666666667 0.791015625 0.010416666666666666 0.01171875
0 0.08268229166666667 0.7115885416666666 0.01953125 0.016927083333333332
0 0.130859375 0.7389322916666666 0.016927083333333332 0.016927083333333332
0 0.14322916666666666 0.7233072916666666 0.010416666666666666 0.009114583333333334
0 0.08138020833333333 0.8138020833333334 0.016927083333333332 0.020833333333333332
0 0.107421875 0.7838541666666666 0.01171875 0.010416666666666666
0 0.23372395833333334 0.677734375 0.01171875 0.014322916666666666
