0 0.24934895833333334 0.5852864583333334 0.09505208333333333 0.055989583333333336
0 0.716796875 0.24934895833333334 0.05859375 0.03515625
0 0.9993489583333334 0.96484375 0.0013020833333333333 0.026041666666666668
0 0.7220052083333334 0.3014322916666667 0.07682291666666667 0.04296875
0 0.7845052083333334 0.7408854166666666 0.07421875 0.044270833333333336
0 0.7962239583333334 0.75 0.07682291666666667 0.046875
0 0.71875 0.259765625 0.0703125 0.03515625
0 0.17578125 0.4329427083333333 0.0546875 0.03515625
0 0.7493489583333334 0.3125 0.045572916666666664 0.0234375
0 0.73046875 0.2747395833333333 0.13802083333333334 0.078125
0 0.6399739583333334 0.734375 0.08984375 0.049479166666666664
