0 0.8580729166666666 0.8053385416666666 0.020833333333333332 0.032552083333333336
0 0.91015625 0.689453125 0.044270833333333336 0.01953125
0 0.787109375 0.9674479166666666 0.06380208333333333 0.03125
0 0.20963541666666666 0.81640625 0.041666666666666664 0.09114583333333333
0 0.24348958333333334 0.9055989583333334 0.036458333333333336 0.08723958333333333
0 0.84375 0.8033854166666666 0.028645833333333332 0.046875
0 0.3619791666666667 0.728515625 0.0078125 0.01171875
0 0.22330729166666666 0.8704427083333334 0.07682291666666667 0.19401041666666666
0 0.9153645833333334 0.7018229166666666 0.015625 0.010416666666666666
0 0.19401041666666666 0.9850260416666666 0.0234375 0.029947916666666668
0 0.8131510416666666 0.953125 0.06380208333333333 0.018229166666666668
0 0.9049479166666666 0.669921875 0.057291666666666664 0.029947916666666668
