0 0.06705729166666667 0.23046875 0.07942708333333333 0.08854166666666667
0 0.4524739583333333 0.931640625 0.06640625 0.06380208333333333
0 0.6178385416666666 0.34375 0.07682291666666667 0.028645833333333332
0 0.6907552083333334 0.193359375 0.055989583333333336 0.061197916666666664
0 0.2662760416666667 0.138671875 0.05859375 0.05078125
0 0.2981770833333333 0.7565104166666666 0.078125 0.109375
0 0.884765625 0.8645833333333334 0.08203125 0.041666666666666664
0 0.9420572916666666 0.267578125 0.055989583333333336 0.07161458333333333
0 0.6666666666666666 0.876953125 0.049479166666666664 0.06901041666666667
0 0.5787760416666666 0.6529947916666666 0.08723958333333333 0.06640625
0 0.27734375 0.5 0.07291666666666667 0.09375
0 0.146484375 0.9674479166666666 0.08723958333333333 0.041666666666666664
