0 0.4459635416666667 0.9166666666666666 0.006510416666666667 0.010416666666666666
0 0.4192708333333333 0.7265625 0.0078125 0.0078125
0 0.4075520833333333 0.8802083333333334 0.013020833333333334 0.013020833333333334
0 0.3365885416666667 0.970703125 0.009114583333333334 0.009114583333333334
0 0.5852864583333334 0.6640625 0.014322916666666666 0.005208333333333333
0 0.5227864583333334 0.9069010416666666 0.014322916666666666 0.014322916666666666
0 0.3268229166666667 0.7734375 0.013020833333333334 0.013020833333333334
0 0.763671875 0.3697916666666667 0.01171875 0.0078125
0 0.5501302083333334 0.845703125 0.014322916666666666 0.014322916666666666
0 0.4329427083333333 0.7610677083333334 0.014322916666666666 0.014322916666666666
0 0.623046875 0.689453125 0.014322916666666666 0.01171875
0 0.451171875 0.671875 0.009114583333333334 0.010416666666666666
0 0.9694010416666666 0.9420572916666666 0.01171875 0.016927083333333332
0 0.8059895833333334 0.9720052083333334 0.010416666666666666 0.006510416666666667
