0 0.8502604166666666 0.9596354166666666 0.078125 0.0625
0 0.9401041666666666 0.6516927083333334 0.033854166666666664 0.02734375
0 0.5703125 0.9166666666666666 0.09114583333333333 0.0859375
0 0.9375 0.669921875 0.0625 0.05078125
0 0.09375 0.7024739583333334 0.06510416666666667 0.06380208333333333
0 0.8841145833333334 0.19596354166666666 0.0703125 0.06640625
0 0.455078125 0.4466145833333333 0.06640625 0.059895833333333336
0 0.228515625 0.23046875 0.037760416666666664 0.036458333333333336
0 0.248046875 0.8645833333333334 0.061197916666666664 0.052083333333333336
0 0.5266927083333334 0.16927083333333334 0.040364583333333336 0.044270833333333336
