0 0.6451822916666666 0.2265625 0.01953125 0.010416666666666666
0 0.5358072916666666 0.13216145833333334 0.040364583333333336 0.032552083333333336
0 0.5865885416666666 0.3033854166666667 0.016927083333333332 0.0078125
0 0.9244791666666666 0.4694010416666667 0.018229166666666668 0.009114583333333334
0 0.8111979166666666 0.4485677083333333 0.018229166666666668 0.01171875
0 0.4791666666666667 0.154296875 0.015625 0.009114583333333334
0 0.5950520833333334 0.6028645833333334 0.020833333333333332 0.010416666666666666
0 0.4303385416666667 0.020182291666666668 0.014322916666666666 0.009114583333333334
0 0.453125 0.064453125 0.0078125 0.009114583333333334
0 0.8346354166666666 0.208984375 0.018229166666666668 0.01171875
0 0.94140625 0.18033854166666666 0.026041666666666668 0.01171875
0 0.7239583333333334 0.055989583333333336 0.03125 0.013020833333333334
0 0.345703125 0.07486979166666667 0.01171875 0.01171875
