0 0.20703125 0.14453125 0.057291666666666664 0.036458333333333336
0 0.1171875 0.349609375 0.08854166666666667 0.02734375
0 0.17252604166666666 0.17513020833333334 0.045572916666666664 0.03515625
0 0.17903645833333334 0.162109375 0.040364583333333336 0.029947916666666668
0 0.078125 0.3977864583333333 0.026041666666666668 0.053385416666666664
0 0.01953125 0.681640625 0.013020833333333334 0.006510416666666667
0 0.9993489583333334 0.4381510416666667 0.0013020833333333333 0.01953125
0 0.09505208333333333 0.4010416666666667 0.026041666666666668 0.052083333333333336
0 0.21614583333333334 0.12955729166666666 0.049479166666666664 0.037760416666666664
0 0.6126302083333334 0.11848958333333333 0.040364583333333336 0.013020833333333334
0 0.21484375 0.3567708333333333 0.044270833333333336 0.049479166666666664
