0 0.7291666666666666 0.8235677083333334 0.0390625 0.11328125
0 0.2981770833333333 0.830078125 0.013020833333333334 0.014322916666666666
0 0.5514322916666666 0.5481770833333334 0.006510416666666667 0.010416666666666666
0 0.4733072916666667 0.7161458333333334 0.006510416666666667 0.010416666666666666
0 0.2838541666666667 0.55859375 0.010416666666666666 0.013020833333333334
0 0.2955729166666667 0.228515625 0.015625 0.009114583333333334
0 0.4915364583333333 0.4368489583333333 0.01171875 0.014322916666666666
0 0.072265625 0.15885416666666666 0.024739583333333332 0.015625
0 0.5208333333333334 0.8984375 0.0078125 0.013020833333333334
0 0.248046875 0.6380208333333334 0.009114583333333334 0.010416666666666666
0 0.3776041666666667 0.4329427083333333 0.015625 0.01171875
0 0.4537760416666667 0.5065104166666666 0.006510416666666667 0.013020833333333334
0 0.19661458333333334 0.4140625 0.015625 0.0078125
0 0.3125 0.8294270833333334 0.013020833333333334 0.010416666666666666
