0 0.193359375 0.9720052083333334 0.05078125 0.040364583333333336
0 0.13151041666666666 0.9342447916666666 0.015625 0.006510416666666667
0 0.23828125 0.8248697916666666 0.0078125 0.01171875
0 0.150390625 0.9264322916666666 0.01171875 0.006510416666666667
0 0.14973958333333334 0.9153645833333334 0.057291666666666664 0.028645833333333332
0 0.20377604166666666 0.9837239583333334 0.045572916666666664 0.032552083333333336
0 0.166015625 0.9915364583333334 0.016927083333333332 0.014322916666666666
0 0.14388020833333334 0.896484375 0.06380208333333333 0.029947916666666668
0 0.134765625 0.921875 0.016927083333333332 0.0078125
0 0.13411458333333334 0.9290364583333334 0.020833333333333332 0.009114583333333334
0 0.2571614583333333 0.8639322916666666 0.009114583333333334 0.006510416666666667
