0 0.10286458333333333 0.22591145833333334 0.125 0.05078125
0 0.8626302083333334 0.3802083333333333 0.08203125 0.057291666666666664
0 0.08138020833333333 0.4752604166666667 0.10546875 0.07552083333333333
0 0.2884114583333333 0.036458333333333336 0.08463541666666667 0.03125
0 0.744140625 0.07486979166666667 0.05859375 0.022135416666666668
0 0.14453125 0.8287760416666666 0.10416666666666667 0.040364583333333336
0 0.3880208333333333 0.5266927083333334 0.08333333333333333 0.09244791666666667
0 0.4615885416666667 0.21028645833333334 0.10286458333333333 0.024739583333333332
0 0.9055989583333334 0.91015625 0.06901041666666667 0.0859375
0 0.4602864583333333 0.8365885416666666 0.04296875 0.061197916666666664
