0 0.7180989583333334 0.2513020833333333 0.055989583333333336 0.049479166666666664
0 0.6953125 0.8873697916666666 0.044270833333333336 0.05078125
0 0.982421875 0.68359375 0.032552083333333336 0.03125
0 0.20247395833333334 0.623046875 0.053385416666666664 0.05078125
0 0.4173177083333333 0.271484375 0.061197916666666664 0.055989583333333336
0 0.9303385416666666 0.10677083333333333 0.05078125 0.049479166666666664
0 0.578125 0.953125 0.07552083333333333 0.057291666666666664
0 0.9993489583333334 0.5787760416666666 0.0013020833333333333 0.022135416666666668
0 0.634765625 0.5774739583333334 0.02734375 0.029947916666666668
0 0.853515625 0.703125 0.04296875 0.049479166666666664
0 0.4557291666666667 0.681640625 0.057291666666666664 0.06380208333333333
