0 0.08333333333333333 0.6536458333333334 0.013020833333333334 0.015625
0 0.4720052083333333 0.78515625 0.01953125 0.013020833333333334
0 0.19986979166666666 0.7037760416666666 0.016927083333333332 0.01171875
0 0.21809895833333334 0.705078125 0.01953125 0.009114583333333334
0 0.4563802083333333 0.7265625 0.009114583333333334 0.010416666666666666
0 0.666015625 0.8912760416666666 0.014322916666666666 0.006510416666666667
0 0.17643229166666666 0.6959635416666666 0.016927083333333332 0.01171875
0 0.3313802083333333 0.6946614583333334 0.022135416666666668 0.009114583333333334
0 0.48828125 0.76953125 0.015625 0.0078125
0 0.09505208333333333 0.666015625 0.010416666666666666 0.014322916666666666
0 0.4654947916666667 0.7291666666666666 0.01171875 0.015625
0 0.3528645833333333 0.6966145833333334 0.018229166666666668 0.0078125
0 0.4466145833333333 0.734375 0.026041666666666668 0.015625
