0 0.12434895833333333 0.09635416666666667 0.07942708333333333 0.06510416666666667
0 0.09700520833333333 0.024739583333333332 0.022135416666666668 0.020833333333333332
0 0.22526041666666666 0.009114583333333334 0.0234375 0.018229166666666668
0 0.029296875 0.09635416666666667 0.022135416666666668 0.0234375
0 0.3001302083333333 0.837890625 0.41796875 0.16796875
0 0.228515625 0.07682291666666667 0.022135416666666668 0.020833333333333332
0 0.9993489583333334 0.052083333333333336 0.0013020833333333333 0.0026041666666666665
0 0.2838541666666667 0.29296875 0.2708333333333333 0.20052083333333334
0 0.12890625 0.501953125 0.24739583333333334 0.18880208333333334
0 0.029296875 0.042317708333333336 0.014322916666666666 0.014322916666666666
0 0.9993489583333334 0.13932291666666666 0.0013020833333333333 0.026041666666666668
0 0.240234375 0.026041666666666668 0.014322916666666666 0.020833333333333332
0 0.033854166666666664 0.022135416666666668 0.026041666666666668 0.026041666666666668
