0 0.5286458333333334 0.4850260416666667 0.0078125 0.006510416666666667
0 0.5611979166666666 0.4453125 0.0078125 0.0078125
0 0.548828125 0.4694010416666667 0.006510416666666667 0.006510416666666667
0 0.5787760416666666 0.3958333333333333 0.00390625 0.010416666666666666
0 0.53515625 0.3971354166666667 0.005208333333333333 0.010416666666666666
0 0.6256510416666666 0.5201822916666666 0.006510416666666667 0.006510416666666667
0 0.5865885416666666 0.4674479166666667 0.006510416666666667 0.0078125
0 0.6171875 0.548828125 0.0078125 0.01171875
0 0.572265625 0.4583333333333333 0.009114583333333334 0.0078125
0 0.6015625 0.4348958333333333 0.015625 0.013020833333333334
0 0.5904947916666666 0.3977864583333333 0.006510416666666667 0.006510416666666667
0 0.6015625 0.41796875 0.0078125 0.0078125
0 0.5826822916666666 0.48046875 0.006510416666666667 0.005208333333333333
0 0.5625 0.4791666666666667 0.005208333333333333 0.0078125
0 0.56640625 0.4947916666666667 0.0078125 0.0078125
