0 0.54296875 0.384765625 0.018229166666666668 0.01953125
0 0.5130208333333334 0.4251302083333333 0.028645833333333332 0.02734375
0 0.5618489583333334 0.4609375 0.022135416666666668 0.026041666666666668
0 0.4876302083333333 0.24283854166666666 0.01953125 0.01953125
0 0.81640625 0.662109375 0.0390625 0.02734375
0 0.4173177083333333 0.2649739583333333 0.016927083333333332 0.016927083333333332
0 0.4388020833333333 0.27734375 0.026041666666666668 0.0234375
0 0.5911458333333334 0.4869791666666667 0.015625 0.020833333333333332
0 0.5104166666666666 0.30078125 0.018229166666666668 0.020833333333333332
0 0.3723958333333333 0.3040364583333333 0.028645833333333332 0.02734375
