0 0.9641927083333334 0.107421875 0.040364583333333336 0.01171875
0 0.9544270833333334 0.119140625 0.0859375 0.022135416666666668
0 0.6100260416666666 0.296875 0.06380208333333333 0.018229166666666668
0 0.10481770833333333 0.3385416666666667 0.03515625 0.018229166666666668
0 0.958984375 0.13671875 0.07942708333333333 0.020833333333333332
0 0.607421875 0.3268229166666667 0.08203125 0.0234375
0 0.607421875 0.3118489583333333 0.08203125 0.024739583333333332
0 0.3977864583333333 0.2506510416666667 0.053385416666666664 0.022135416666666668
0 0.658203125 0.04296875 0.06380208333333333 0.0234375
0 0.3977864583333333 0.265625 0.048177083333333336 0.018229166666666668
