0 0.13541666666666666 0.458984375 0.13541666666666666 0.13932291666666666
0 0.6640625 0.48046875 0.028645833333333332 0.03125
0 0.263671875 0.3404947916666667 0.01953125 0.01953125
0 0.2604166666666667 0.3235677083333333 0.0859375 0.08984375
0 0.3092447916666667 0.65234375 0.08463541666666667 0.08854166666666667
0 0.4348958333333333 0.5130208333333334 0.09895833333333333 0.10416666666666667
0 0.9993489583333334 0.587890625 0.0013020833333333333 0.022135416666666668
0 0.9309895833333334 0.08658854166666667 0.13541666666666666 0.17317708333333334
0 0.40625 0.6875 0.22916666666666666 0.2421875
0 0.8209635416666666 0.2936197916666667 0.02734375 0.022135416666666668
0 0.5436197916666666 0.3971354166666667 0.08723958333333333 0.09895833333333333
0 0.8079427083333334 0.2819010416666667 0.0013020833333333333 0.0013020833333333333
