0 0.8131510416666666 0.5950520833333334 0.01953125 0.013020833333333334
0 0.9537760416666666 0.4231770833333333 0.01171875 0.013020833333333334
0 0.3684895833333333 0.9928385416666666 0.018229166666666668 0.014322916666666666
0 0.6223958333333334 0.9713541666666666 0.018229166666666668 0.018229166666666668
0 0.6471354166666666 0.5787760416666666 0.0078125 0.009114583333333334
0 0.9713541666666666 0.4973958333333333 0.010416666666666666 0.013020833333333334
0 0.9049479166666666 0.5462239583333334 0.0234375 0.01953125
0 0.48828125 0.8567708333333334 0.010416666666666666 0.015625
0 0.623046875 0.4947916666666667 0.02734375 0.015625
0 0.6171875 0.748046875 0.015625 0.01953125
0 0.7330729166666666 0.5390625 0.013020833333333334 0.013020833333333334
0 0.5436197916666666 0.673828125 0.009114583333333334 0.014322916666666666
