0 0.8450520833333334 0.2584635416666667 0.052083333333333336 0.016927083333333332
0 0.7994791666666666 0.5240885416666666 0.0625 0.01953125
0 0.3313802083333333 0.3743489583333333 0.037760416666666664 0.01171875
0 0.84375 0.2688802083333333 0.049479166666666664 0.014322916666666666
0 0.7356770833333334 0.16015625 0.041666666666666664 0.015625
0 0.3815104166666667 0.12109375 0.08072916666666667 0.018229166666666668
0 0.537109375 0.3984375 0.05078125 0.013020833333333334
0 0.6940104166666666 0.31640625 0.049479166666666664 0.015625
0 0.3802083333333333 0.107421875 0.059895833333333336 0.016927083333333332
0 0.08854166666666667 0.3450520833333333 0.057291666666666664 0.026041666666666668
0 0.5221354166666666 0.2610677083333333 0.03125 0.014322916666666666
