0 0.4915364583333333 0.4908854166666667 0.009114583333333334 0.010416666666666666
0 0.2545572916666667 0.4055989583333333 0.05078125 0.053385416666666664
0 0.7936197916666666 0.9993489583333334 0.0013020833333333333 0.0013020833333333333
0 0.22721354166666666 0.3932291666666667 0.01171875 0.013020833333333334
0 0.599609375 0.8040364583333334 0.045572916666666664 0.07682291666666667
0 0.2421875 0.3776041666666667 0.013020833333333334 0.013020833333333334
0 0.7018229166666666 0.6315104166666666 0.044270833333333336 0.07552083333333333
0 0.23697916666666666 0.396484375 0.044270833333333336 0.048177083333333336
0 0.505859375 0.5143229166666666 0.009114583333333334 0.013020833333333334
0 0.22395833333333334 0.3893229166666667 0.010416666666666666 0.015625
0 0.23828125 0.3736979166666667 0.015625 0.015625
0 0.5266927083333334 0.5774739583333334 0.01171875 0.01953125
