0 0.04296875 0.111328125 0.08072916666666667 0.040364583333333336
0 0.6184895833333334 0.1171875 0.044270833333333336 0.018229166666666668
0 0.3782552083333333 0.5865885416666666 0.03515625 0.01953125
0 0.626953125 0.080078125 0.03515625 0.016927083333333332
0 0.8229166666666666 0.3079427083333333 0.078125 0.037760416666666664
0 0.22786458333333334 0.6119791666666666 0.109375 0.049479166666666664
0 0.619140625 0.10286458333333333 0.08463541666666667 0.033854166666666664
0 0.8307291666666666 0.3190104166666667 0.036458333333333336 0.015625
0 0.6236979166666666 0.08984375 0.044270833333333336 0.013020833333333334
0 0.8125 0.2981770833333333 0.046875 0.0234375
0 0.6256510416666666 0.125 0.032552083333333336 0.015625
0 0.501953125 0.3040364583333333 0.06380208333333333 0.032552083333333336
0 0.11783854166666667 0.3365885416666667 0.06901041666666667 0.029947916666666668
