0 0.6217447916666666 0.5631510416666666 0.014322916666666666 0.014322916666666666
0 0.40625 0.6178385416666666 0.020833333333333332 0.016927083333333332
0 0.6145833333333334 0.5677083333333334 0.013020833333333334 0.013020833333333334
0 0.3587239583333333 0.412109375 0.024739583333333332 0.016927083333333332
0 0.609375 0.57421875 0.015625 0.013020833333333334
0 0.498046875 0.62890625 0.014322916666666666 0.015625
0 0.4596354166666667 0.3001302083333333 0.0234375 0.01171875
0 0.33984375 0.330078125 0.020833333333333332 0.01171875
0 0.486328125 0.6373697916666666 0.014322916666666666 0.016927083333333332
0 0.6015625 0.58203125 0.015625 0.013020833333333334
0 0.5403645833333334 0.6549479166666666 0.013020833333333334 0.015625
