0 0.4615885416666667 0.13020833333333334 0.055989583333333336 0.057291666666666664
0 0.466796875 0.1640625 0.09244791666666667 0.09635416666666667
0 0.9342447916666666 0.6705729166666666 0.032552083333333336 0.026041666666666668
0 0.134765625 0.13346354166666666 0.05078125 0.045572916666666664
0 0.08854166666666667 0.4303385416666667 0.0703125 0.08723958333333333
0 0.7890625 0.9270833333333334 0.109375 0.14583333333333334
0 0.13541666666666666 0.16796875 0.09635416666666667 0.08854166666666667
0 0.9993489583333334 0.90234375 0.0013020833333333333 0.041666666666666664
0 0.5149739583333334 0.5436197916666666 0.032552083333333336 0.07161458333333333
0 0.3645833333333333 0.6243489583333334 0.044270833333333336 0.053385416666666664
0 0.2858072916666667 0.4563802083333333 0.045572916666666664 0.06380208333333333
