0 0.67578125 0.6477864583333334 0.0546875 0.022135416666666668
0 0.7975260416666666 0.6875 0.014322916666666666 0.0078125
0 0.4231770833333333 0.9205729166666666 0.16145833333333334 0.0546875
0 0.8072916666666666 0.6868489583333334 0.005208333333333333 0.01171875
0 0.8092447916666666 0.6764322916666666 0.006510416666666667 0.014322916666666666
0 0.9075520833333334 0.640625 0.015625 0.010416666666666666
0 0.8138020833333334 0.6770833333333334 0.005208333333333333 0.013020833333333334
0 0.7994791666666666 0.666015625 0.015625 0.006510416666666667
0 0.7649739583333334 0.880859375 0.20963541666666666 0.07942708333333333
0 0.818359375 0.6770833333333334 0.006510416666666667 0.013020833333333334
