0 0.4309895833333333 0.09440104166666667 0.0078125 0.006510416666666667
0 0.2701822916666667 0.09244791666666667 0.009114583333333334 0.0078125
0 0.4518229166666667 0.08723958333333333 0.010416666666666666 0.005208333333333333
0 0.4518229166666667 0.09114583333333333 0.010416666666666666 0.0026041666666666665
0 0.5625 0.955078125 0.010416666666666666 0.014322916666666666
0 0.44921875 0.08984375 0.005208333333333333 0.0026041666666666665
0 0.4505208333333333 0.09505208333333333 0.010416666666666666 0.005208333333333333
0 0.27734375 0.09440104166666667 0.010416666666666666 0.009114583333333334
0 0.4563802083333333 0.05078125 0.006510416666666667 0.0078125
0 0.4576822916666667 0.09895833333333333 0.00390625 0.0026041666666666665
