0 0.6067708333333334 0.318359375 0.033854166666666664 0.02734375
0 0.23697916666666666 0.5833333333333334 0.09114583333333333 0.0859375
0 0.796875 0.130859375 0.09114583333333333 0.07161458333333333
0 0.6041666666666666 0.3365885416666667 0.0625 0.05078125
0 0.8430989583333334 0.73046875 0.11328125 0.09895833333333333
0 0.9427083333333334 0.4505208333333333 0.08072916666666667 0.0703125
0 0.4212239583333333 0.8743489583333334 0.08723958333333333 0.07942708333333333
0 0.5169270833333334 0.6263020833333334 0.078125 0.0625
0 0.12174479166666667 0.11328125 0.06640625 0.059895833333333336
0 0.9479166666666666 0.17513020833333334 0.033854166666666664 0.029947916666666668
