0 0.3515625 0.7513020833333334 0.0234375 0.015625
0 0.115234375 0.6549479166666666 0.045572916666666664 0.020833333333333332
0 0.123046875 0.6184895833333334 0.07421875 0.03125
0 0.3326822916666667 0.7180989583333334 0.04296875 0.022135416666666668
0 0.11197916666666667 0.6002604166666666 0.057291666666666664 0.028645833333333332
0 0.8326822916666666 0.9049479166666666 0.022135416666666668 0.013020833333333334
0 0.3404947916666667 0.7018229166666666 0.045572916666666664 0.020833333333333332
0 0.11979166666666667 0.6393229166666666 0.06510416666666667 0.028645833333333332
0 0.3489583333333333 0.7272135416666666 0.046875 0.02734375
0 0.353515625 0.7389322916666666 0.040364583333333336 0.01953125
