0 0.24283854166666666 0.5950520833333334 0.05078125 0.018229166666666668
0 0.939453125 0.4309895833333333 0.10546875 0.026041666666666668
0 0.040364583333333336 0.5481770833333334 0.046875 0.018229166666666668
0 0.228515625 0.89453125 0.10546875 0.026041666666666668
0 0.4459635416666667 0.3053385416666667 0.09244791666666667 0.06901041666666667
0 0.4837239583333333 0.9915364583333334 0.05859375 0.016927083333333332
0 0.8776041666666666 0.7252604166666666 0.07291666666666667 0.018229166666666668
0 0.17122395833333334 0.12890625 0.07942708333333333 0.059895833333333336
0 0.24153645833333334 0.6100260416666666 0.08203125 0.02734375
0 0.615234375 0.4140625 0.10807291666666667 0.0625
