0 0.9264322916666666 0.22265625 0.02734375 0.026041666666666668
0 0.25390625 0.027994791666666668 0.049479166666666664 0.040364583333333336
0 0.3359375 0.580078125 0.07552083333333333 0.055989583333333336
0 0.7376302083333334 0.4791666666666667 0.029947916666666668 0.020833333333333332
0 0.9375 0.259765625 0.09114583333333333 0.08203125
0 0.3235677083333333 0.5546875 0.024739583333333332 0.018229166666666668
0 0.6119791666666666 0.16080729166666666 0.028645833333333332 0.024739583333333332
0 0.8307291666666666 0.018880208333333332 0.0234375 0.009114583333333334
0 0.3131510416666667 0.7552083333333334 0.022135416666666668 0.020833333333333332
0 0.7532552083333334 0.5052083333333334 0.08203125 0.049479166666666664
0 0.8522135416666666 0.035807291666666664 0.07421875 0.02734375
0 0.6380208333333334 0.16080729166666666 0.078125 0.06901041666666667
