0 0.66796875 0.7532552083333334 0.046875 0.022135416666666668
0 0.8626302083333334 0.07096354166666667 0.06640625 0.02734375
0 0.587890625 0.0859375 0.07421875 0.033854166666666664
0 0.908203125 0.4075520833333333 0.04296875 0.0234375
0 0.7662760416666666 0.3841145833333333 0.05078125 0.020833333333333332
0 0.7298177083333334 0.5436197916666666 0.040364583333333336 0.009114583333333334
0 0.7330729166666666 0.6360677083333334 0.028645833333333332 0.024739583333333332
0 0.30859375 0.90234375 0.0703125 0.044270833333333336
0 0.7272135416666666 0.5533854166666666 0.03515625 0.0078125
0 0.7239583333333334 0.5338541666666666 0.028645833333333332 0.010416666666666666
