0 0.19270833333333334 0.23177083333333334 0.044270833333333336 0.0546875
0 0.23828125 0.21809895833333334 0.033854166666666664 0.053385416666666664
0 0.6458333333333334 0.271484375 0.057291666666666664 0.037760416666666664
0 0.65625 0.23046875 0.052083333333333336 0.041666666666666664
0 0.203125 0.21809895833333334 0.0390625 0.05078125
0 0.6354166666666666 0.2955729166666667 0.046875 0.03125
0 0.6595052083333334 0.298828125 0.0013020833333333333 0.0013020833333333333
0 0.6419270833333334 0.251953125 0.049479166666666664 0.037760416666666664
0 0.6516927083333334 0.24348958333333334 0.055989583333333336 0.044270833333333336
0 0.18489583333333334 0.24609375 0.046875 0.049479166666666664
0 0.21354166666666666 0.20963541666666666 0.0390625 0.052083333333333336
