0 0.6875 0.865234375 0.08854166666666667 0.024739583333333332
0 0.5442708333333334 0.3919270833333333 0.07291666666666667 0.018229166666666668
0 0.4615885416666667 0.7454427083333334 0.055989583333333336 0.016927083333333332
0 0.2819010416666667 0.08072916666666667 0.10807291666666667 0.0625
0 0.6061197916666666 0.09765625 0.10546875 0.026041666666666668
0 0.15104166666666666 0.6575520833333334 0.059895833333333336 0.026041666666666668
0 0.3151041666666667 0.9205729166666666 0.033854166666666664 0.03125
0 0.859375 0.17122395833333334 0.09375 0.040364583333333336
0 0.053385416666666664 0.7884114583333334 0.059895833333333336 0.02734375
0 0.74609375 0.5423177083333334 0.046875 0.016927083333333332
