0 0.6015625 0.7682291666666666 0.015625 0.013020833333333334
0 0.5286458333333334 0.818359375 0.0078125 0.006510416666666667
0 0.5625 0.8125 0.005208333333333333 0.0078125
0 0.56640625 0.828125 0.0078125 0.0078125
0 0.6171875 0.8821614583333334 0.0078125 0.01171875
0 0.572265625 0.7916666666666666 0.009114583333333334 0.0078125
0 0.6256510416666666 0.853515625 0.006510416666666667 0.006510416666666667
0 0.5787760416666666 0.7291666666666666 0.00390625 0.010416666666666666
0 0.5826822916666666 0.8138020833333334 0.006510416666666667 0.005208333333333333
0 0.5611979166666666 0.7786458333333334 0.0078125 0.0078125
0 0.6015625 0.7513020833333334 0.0078125 0.0078125
0 0.548828125 0.802734375 0.006510416666666667 0.006510416666666667
0 0.53515625 0.73046875 0.005208333333333333 0.010416666666666666
0 0.5865885416666666 0.80078125 0.006510416666666667 0.0078125
0 0.5904947916666666 0.7311197916666666 0.006510416666666667 0.006510416666666667
