0 0.4036458333333333 0.5442708333333334 0.07552083333333333 0.109375
0 0.5872395833333334 0.8522135416666666 0.020833333333333332 0.024739583333333332
0 0.78125 0.10611979166666667 0.06770833333333333 0.06901041666666667
0 0.53125 0.7545572916666666 0.020833333333333332 0.037760416666666664
0 0.7708333333333334 0.7897135416666666 0.22916666666666666 0.10807291666666667
0 0.5384114583333334 0.7428385416666666 0.01171875 0.02734375
0 0.55078125 0.7819010416666666 0.010416666666666666 0.02734375
0 0.5716145833333334 0.822265625 0.026041666666666668 0.032552083333333336
0 0.8619791666666666 0.17903645833333334 0.109375 0.11588541666666667
0 0.3391927083333333 0.4140625 0.04296875 0.06510416666666667
0 0.3274739583333333 0.4231770833333333 0.037760416666666664 0.0546875
0 0.9225260416666666 0.7747395833333334 0.016927083333333332 0.036458333333333336
0 0.4856770833333333 0.6770833333333334 0.0625 0.08854166666666667
