0 0.345703125 0.912109375 0.01171875 0.01171875
0 0.353515625 0.9791666666666666 0.009114583333333334 0.0078125
0 0.24479166666666666 0.8606770833333334 0.013020833333333334 0.013020833333333334
0 0.251953125 0.8391927083333334 0.014322916666666666 0.014322916666666666
0 0.23893229166666666 0.845703125 0.01171875 0.01171875
0 0.3626302083333333 0.9973958333333334 0.006510416666666667 0.005208333333333333
0 0.265625 0.8515625 0.010416666666666666 0.010416666666666666
0 0.3268229166666667 0.7278645833333334 0.026041666666666668 0.026041666666666668
0 0.2623697916666667 0.8287760416666666 0.006510416666666667 0.006510416666666667
0 0.25390625 0.86328125 0.0078125 0.0078125
0 0.267578125 0.841796875 0.006510416666666667 0.006510416666666667
0 0.28125 0.8372395833333334 0.013020833333333334 0.013020833333333334
0 0.3352864583333333 0.96875 0.01171875 0.010416666666666666
