0 0.4583333333333333 0.53515625 0.0234375 0.0234375
0 0.615234375 0.65234375 0.029947916666666668 0.026041666666666668
0 0.5735677083333334 0.6197916666666666 0.024739583333333332 0.033854166666666664
0 0.564453125 0.6106770833333334 0.01953125 0.036458333333333336
0 0.267578125 0.3984375 0.014322916666666666 0.013020833333333334
0 0.6087239583333334 0.2421875 0.024739583333333332 0.046875
0 0.6588541666666666 0.037760416666666664 0.09114583333333333 0.07552083333333333
0 0.4557291666666667 0.4231770833333333 0.026041666666666668 0.03125
0 0.4674479166666667 0.427734375 0.0234375 0.029947916666666668
0 0.53515625 0.607421875 0.026041666666666668 0.037760416666666664
0 0.265625 0.4186197916666667 0.015625 0.016927083333333332
0 0.884765625 0.318359375 0.022135416666666668 0.06380208333333333
0 0.505859375 0.5872395833333334 0.029947916666666668 0.036458333333333336
