0 0.5657552083333334 0.3190104166666667 0.014322916666666666 0.010416666666666666
0 0.5325520833333334 0.23046875 0.010416666666666666 0.0078125
0 0.7897135416666666 0.3841145833333333 0.006510416666666667 0.0078125
0 0.7825520833333334 0.4231770833333333 0.005208333333333333 0.0026041666666666665
0 0.5481770833333334 0.23372395833333334 0.010416666666666666 0.009114583333333334
0 0.78515625 0.4244791666666667 0.010416666666666666 0.0026041666666666665
0 0.603515625 0.42578125 0.009114583333333334 0.0078125
0 0.78515625 0.4205729166666667 0.010416666666666666 0.005208333333333333
0 0.7838541666666666 0.4283854166666667 0.010416666666666666 0.005208333333333333
0 0.7643229166666666 0.427734375 0.0078125 0.006510416666666667
0 0.791015625 0.4322916666666667 0.00390625 0.0026041666666666665
0 0.6106770833333334 0.427734375 0.010416666666666666 0.009114583333333334
0 0.5546875 0.2513020833333333 0.010416666666666666 0.005208333333333333
