0 0.380859375 0.576171875 0.009114583333333334 0.006510416666666667
0 0.376953125 0.96875 0.006510416666666667 0.0078125
0 0.3671875 0.49609375 0.010416666666666666 0.010416666666666666
0 0.3841145833333333 0.947265625 0.0078125 0.006510416666666667
0 0.3763020833333333 0.451171875 0.0078125 0.006510416666666667
0 0.3684895833333333 0.5221354166666666 0.0078125 0.010416666666666666
0 0.4615885416666667 0.9765625 0.006510416666666667 0.0078125
0 0.3606770833333333 0.8450520833333334 0.013020833333333334 0.013020833333333334
0 0.357421875 0.904296875 0.01171875 0.016927083333333332
0 0.3352864583333333 0.8170572916666666 0.006510416666666667 0.009114583333333334
0 0.345703125 0.8548177083333334 0.01171875 0.01171875
0 0.3509114583333333 0.9342447916666666 0.006510416666666667 0.006510416666666667
