0 0.482421875 0.6497395833333334 0.07942708333333333 0.09375
0 0.314453125 0.23372395833333334 0.032552083333333336 0.024739583333333332
0 0.3209635416666667 0.13606770833333334 0.022135416666666668 0.08723958333333333
0 0.20052083333333334 0.5657552083333334 0.020833333333333332 0.032552083333333336
0 0.2584635416666667 0.08463541666666667 0.02734375 0.09635416666666667
0 0.2916666666666667 0.11653645833333333 0.057291666666666664 0.21223958333333334
0 0.21158854166666666 0.9850260416666666 0.022135416666666668 0.014322916666666666
0 0.21158854166666666 0.5826822916666666 0.03515625 0.05859375
0 0.486328125 0.904296875 0.014322916666666666 0.016927083333333332
0 0.2526041666666667 0.857421875 0.013020833333333334 0.014322916666666666
0 0.935546875 0.212890625 0.09244791666666667 0.13671875
0 0.388671875 0.630859375 0.009114583333333334 0.02734375
0 0.447265625 0.6354166666666666 0.02734375 0.028645833333333332
0 0.375 0.6451822916666666 0.018229166666666668 0.05078125
