0 0.3678385416666667 0.3658854166666667 0.08984375 0.0625
0 0.5729166666666666 0.038411458333333336 0.036458333333333336 0.029947916666666668
0 0.7252604166666666 0.036458333333333336 0.005208333333333333 0.005208333333333333
0 0.9752604166666666 0.23828125 0.0234375 0.0234375
0 0.62109375 0.083984375 0.044270833333333336 0.02734375
0 0.7643229166666666 0.022135416666666668 0.059895833333333336 0.044270833333333336
0 0.3157552083333333 0.08528645833333333 0.07682291666666667 0.10026041666666667
0 0.9889322916666666 0.21028645833333334 0.01953125 0.022135416666666668
0 0.10807291666666667 0.07421875 0.020833333333333332 0.06510416666666667
0 0.48046875 0.23697916666666666 0.09635416666666667 0.052083333333333336
0 0.3287760416666667 0.34375 0.00390625 0.0078125
