0 0.65625 0.3470052083333333 0.03125 0.048177083333333336
0 0.1875 0.034505208333333336 0.08854166666666667 0.06901041666666667
0 0.041666666666666664 0.7923177083333334 0.033854166666666664 0.03515625
0 0.2799479166666667 0.3391927083333333 0.08072916666666667 0.05859375
0 0.45703125 0.7102864583333334 0.052083333333333336 0.05859375
0 0.032552083333333336 0.783203125 0.03125 0.032552083333333336
0 0.6373697916666666 0.5930989583333334 0.040364583333333336 0.07942708333333333
0 0.63671875 0.21875 0.0390625 0.0625
0 0.685546875 0.3333333333333333 0.053385416666666664 0.08854166666666667
0 0.6536458333333334 0.22265625 0.036458333333333336 0.057291666666666664
0 0.6223958333333334 0.2109375 0.036458333333333336 0.059895833333333336
0 0.10026041666666667 0.8274739583333334 0.03125 0.055989583333333336
