0 0.3984375 0.11067708333333333 0.0625 0.052083333333333336
0 0.2604166666666667 0.7180989583333334 0.041666666666666664 0.029947916666666668
0 0.4928385416666667 0.5768229166666666 0.048177083333333336 0.041666666666666664
0 0.049479166666666664 0.053385416666666664 0.0546875 0.041666666666666664
0 0.49609375 0.3111979166666667 0.057291666666666664 0.06510416666666667
0 0.16796875 0.2864583333333333 0.0546875 0.046875
0 0.3196614583333333 0.5403645833333334 0.04296875 0.046875
0 0.022786458333333332 0.611328125 0.040364583333333336 0.053385416666666664
0 0.2591145833333333 0.732421875 0.0625 0.04296875
0 0.8483072916666666 0.236328125 0.045572916666666664 0.048177083333333336
0 0.8580729166666666 0.22330729166666666 0.09895833333333333 0.09765625
0 0.034505208333333336 0.6067708333333334 0.04296875 0.0546875
0 0.15950520833333334 0.30078125 0.10546875 0.09114583333333333
