0 0.8333333333333334 0.791015625 0.015625 0.01171875
0 0.392578125 0.3704427083333333 0.032552083333333336 0.01953125
0 0.2701822916666667 0.07552083333333333 0.10026041666666667 0.10677083333333333
0 0.3958333333333333 0.3626302083333333 0.03125 0.01953125
0 0.5071614583333334 0.515625 0.024739583333333332 0.03125
0 0.4505208333333333 0.41015625 0.018229166666666668 0.028645833333333332
0 0.453125 0.3756510416666667 0.036458333333333336 0.022135416666666668
0 0.42578125 0.384765625 0.033854166666666664 0.024739583333333332
0 0.3580729166666667 0.3483072916666667 0.033854166666666664 0.016927083333333332
0 0.4759114583333333 0.4557291666666667 0.02734375 0.036458333333333336
