0 0.5247395833333334 0.6764322916666666 0.0078125 0.009114583333333334
0 0.6022135416666666 0.623046875 0.009114583333333334 0.01171875
0 0.4010416666666667 0.68359375 0.0078125 0.010416666666666666
0 0.455078125 0.5247395833333334 0.009114583333333334 0.010416666666666666
0 0.5553385416666666 0.6497395833333334 0.009114583333333334 0.010416666666666666
0 0.5227864583333334 0.7044270833333334 0.009114583333333334 0.010416666666666666
0 0.5729166666666666 0.7024739583333334 0.0078125 0.009114583333333334
0 0.677734375 0.517578125 0.009114583333333334 0.01171875
0 0.6653645833333334 0.5859375 0.010416666666666666 0.010416666666666666
0 0.6328125 0.611328125 0.0078125 0.009114583333333334
0 0.56640625 0.6145833333333334 0.010416666666666666 0.010416666666666666
0 0.6907552083333334 0.6484375 0.009114583333333334 0.010416666666666666
0 0.25390625 0.7721354166666666 0.010416666666666666 0.010416666666666666
