0 0.8841145833333334 0.498046875 0.08333333333333333 0.032552083333333336
0 0.439453125 0.3098958333333333 0.055989583333333336 0.028645833333333332
0 0.3873697916666667 0.091796875 0.061197916666666664 0.024739583333333332
0 0.625 0.3196614583333333 0.10677083333333333 0.032552083333333336
0 0.24869791666666666 0.228515625 0.0546875 0.032552083333333336
0 0.2747395833333333 0.455078125 0.057291666666666664 0.02734375
0 0.5677083333333334 0.024739583333333332 0.059895833333333336 0.028645833333333332
0 0.3802083333333333 0.544921875 0.11458333333333333 0.045572916666666664
0 0.8743489583333334 0.478515625 0.05078125 0.016927083333333332
0 0.4192708333333333 0.13541666666666666 0.020833333333333332 0.013020833333333334
0 0.8658854166666666 0.11458333333333333 0.0625 0.028645833333333332
