0 0.958984375 0.853515625 0.006510416666666667 0.006510416666666667
0 0.8821614583333334 0.802734375 0.006510416666666667 0.006510416666666667
0 0.912109375 0.7291666666666666 0.00390625 0.010416666666666666
0 0.8684895833333334 0.73046875 0.005208333333333333 0.010416666666666666
0 0.89453125 0.7786458333333334 0.0078125 0.0078125
0 0.9505208333333334 0.8821614583333334 0.0078125 0.01171875
0 0.919921875 0.80078125 0.006510416666666667 0.0078125
0 0.9055989583333334 0.7916666666666666 0.009114583333333334 0.0078125
0 0.9348958333333334 0.7513020833333334 0.0078125 0.0078125
0 0.923828125 0.7311197916666666 0.006510416666666667 0.006510416666666667
0 0.8958333333333334 0.8125 0.005208333333333333 0.0078125
0 0.8619791666666666 0.818359375 0.0078125 0.006510416666666667
0 0.8997395833333334 0.828125 0.0078125 0.0078125
0 0.9348958333333334 0.7682291666666666 0.015625 0.013020833333333334
0 0.916015625 0.8138020833333334 0.006510416666666667 0.005208333333333333
