0 0.5078125 0.5865885416666666 0.028645833333333332 0.037760416666666664
0 0.5364583333333334 0.6022135416666666 0.0234375 0.032552083333333336
0 0.5768229166666666 0.6178385416666666 0.03125 0.040364583333333336
0 0.646484375 0.6953125 0.02734375 0.026041666666666668
0 0.4602864583333333 0.5305989583333334 0.029947916666666668 0.024739583333333332
0 0.19791666666666666 0.234375 0.028645833333333332 0.033854166666666664
0 0.18229166666666666 0.24674479166666666 0.041666666666666664 0.01953125
0 0.4192708333333333 0.419921875 0.0390625 0.037760416666666664
0 0.5670572916666666 0.603515625 0.029947916666666668 0.04296875
0 0.6145833333333334 0.65625 0.026041666666666668 0.0234375
