0 0.9029947916666666 0.6725260416666666 0.01953125 0.01953125
0 0.83984375 0.7415364583333334 0.026041666666666668 0.024739583333333332
0 0.8489583333333334 0.7467447916666666 0.020833333333333332 0.01953125
0 0.8684895833333334 0.771484375 0.026041666666666668 0.024739583333333332
0 0.9420572916666666 0.7447916666666666 0.016927083333333332 0.018229166666666668
0 0.8606770833333334 0.7565104166666666 0.020833333333333332 0.020833333333333332
0 0.8932291666666666 0.7578125 0.018229166666666668 0.018229166666666668
0 0.8938802083333334 0.7975260416666666 0.024739583333333332 0.02734375
0 0.91015625 0.7734375 0.015625 0.015625
0 0.9270833333333334 0.732421875 0.018229166666666668 0.016927083333333332
0 0.9401041666666666 0.7102864583333334 0.015625 0.016927083333333332
0 0.87109375 0.7369791666666666 0.018229166666666668 0.018229166666666668
