0 0.24934895833333334 0.8138020833333334 0.006510416666666667 0.005208333333333333
0 0.22786458333333334 0.7786458333333334 0.0078125 0.0078125
0 0.2682291666666667 0.7682291666666666 0.015625 0.013020833333333334
0 0.20182291666666666 0.73046875 0.005208333333333333 0.010416666666666666
0 0.21549479166666666 0.802734375 0.006510416666666667 0.006510416666666667
0 0.2838541666666667 0.8821614583333334 0.0078125 0.01171875
0 0.2532552083333333 0.80078125 0.006510416666666667 0.0078125
0 0.23893229166666666 0.7916666666666666 0.009114583333333334 0.0078125
0 0.23307291666666666 0.828125 0.0078125 0.0078125
0 0.2682291666666667 0.7513020833333334 0.0078125 0.0078125
0 0.22916666666666666 0.8125 0.005208333333333333 0.0078125
0 0.2923177083333333 0.853515625 0.006510416666666667 0.006510416666666667
0 0.2571614583333333 0.7311197916666666 0.006510416666666667 0.006510416666666667
0 0.24544270833333334 0.7291666666666666 0.00390625 0.010416666666666666
0 0.1953125 0.818359375 0.0078125 0.006510416666666667
