0 0.419921875 0.23111979166666666 0.014322916666666666 0.024739583333333332
0 0.423828125 0.2526041666666667 0.009114583333333334 0.015625
0 0.388671875 0.212890625 0.040364583333333336 0.08723958333333333
0 0.37109375 0.326171875 0.03125 0.06640625
0 0.3470052083333333 0.3326822916666667 0.032552083333333336 0.06901041666666667
0 0.2630208333333333 0.4895833333333333 0.010416666666666666 0.015625
0 0.2571614583333333 0.4908854166666667 0.016927083333333332 0.020833333333333332
0 0.4303385416666667 0.2513020833333333 0.009114583333333334 0.015625
0 0.23046875 0.4680989583333333 0.013020833333333334 0.016927083333333332
0 0.2591145833333333 0.4674479166666667 0.013020833333333334 0.020833333333333332
0 0.25 0.4674479166666667 0.013020833333333334 0.015625
0 0.4127604166666667 0.20703125 0.015625 0.0234375
0 0.24674479166666666 0.451171875 0.01171875 0.016927083333333332
0 0.30078125 0.4401041666666667 0.018229166666666668 0.03125
