0 0.9140625 0.6822916666666666 0.044270833333333336 0.018229166666666668
0 0.5299479166666666 0.958984375 0.2916666666666667 0.07682291666666667
0 0.8873697916666666 0.5944010416666666 0.040364583333333336 0.01953125
0 0.94140625 0.599609375 0.044270833333333336 0.01953125
0 0.5546875 0.724609375 0.359375 0.09244791666666667
0 0.8326822916666666 0.19075520833333334 0.33203125 0.10546875
0 0.9095052083333334 0.7044270833333334 0.045572916666666664 0.015625
0 0.9453125 0.5787760416666666 0.041666666666666664 0.01953125
0 0.46875 0.8743489583333334 0.1875 0.055989583333333336
0 0.53125 0.3138020833333333 0.296875 0.07552083333333333
0 0.8919270833333334 0.572265625 0.049479166666666664 0.016927083333333332
0 0.7526041666666666 0.9212239583333334 0.21875 0.053385416666666664
0 0.849609375 0.8346354166666666 0.08463541666666667 0.0390625
0 0.837890625 0.564453125 0.04296875 0.01953125
0 0.007161458333333333 0.765625 0.006510416666666667 0.013020833333333334
