0 0.8639322916666666 0.12109375 0.08723958333333333 0.08072916666666667
0 0.859375 0.5221354166666666 0.078125 0.0546875
0 0.423828125 0.8177083333333334 0.09765625 0.078125
0 0.505859375 0.861328125 0.029947916666666668 0.016927083333333332
0 0.359375 0.1796875 0.013020833333333334 0.015625
0 0.16015625 0.658203125 0.11197916666666667 0.05859375
0 0.802734375 0.8795572916666666 0.12630208333333334 0.06380208333333333
0 0.2630208333333333 0.6647135416666666 0.036458333333333336 0.014322916666666666
0 0.140625 0.6861979166666666 0.11458333333333333 0.057291666666666664
0 0.2643229166666667 0.6770833333333334 0.033854166666666664 0.013020833333333334
