0 0.515625 0.24674479166666666 0.041666666666666664 0.01953125
0 0.8411458333333334 0.5865885416666666 0.028645833333333332 0.037760416666666664
0 0.91015625 0.6178385416666666 0.03125 0.040364583333333336
0 0.900390625 0.603515625 0.029947916666666668 0.04296875
0 0.7526041666666666 0.419921875 0.0390625 0.037760416666666664
0 0.7936197916666666 0.5305989583333334 0.029947916666666668 0.024739583333333332
0 0.8697916666666666 0.6022135416666666 0.0234375 0.032552083333333336
0 0.9479166666666666 0.65625 0.026041666666666668 0.0234375
0 0.9798177083333334 0.6953125 0.02734375 0.026041666666666668
0 0.53125 0.234375 0.028645833333333332 0.033854166666666664
