0 0.6595052083333334 0.763671875 0.01953125 0.014322916666666666
0 0.6510416666666666 0.8990885416666666 0.0234375 0.016927083333333332
0 0.6412760416666666 0.8528645833333334 0.016927083333333332 0.010416666666666666
0 0.6236979166666666 0.8046875 0.018229166666666668 0.010416666666666666
0 0.6471354166666666 0.8190104166666666 0.020833333333333332 0.013020833333333334
0 0.6901041666666666 0.7005208333333334 0.020833333333333332 0.013020833333333334
0 0.6875 0.7708333333333334 0.020833333333333332 0.010416666666666666
0 0.7415364583333334 0.59375 0.01953125 0.013020833333333334
0 0.6653645833333334 0.8098958333333334 0.018229166666666668 0.013020833333333334
0 0.54296875 0.8209635416666666 0.03125 0.024739583333333332
0 0.6901041666666666 0.7311197916666666 0.018229166666666668 0.01171875
0 0.6555989583333334 0.6790364583333334 0.01171875 0.01953125
0 0.517578125 0.6953125 0.016927083333333332 0.013020833333333334
