0 0.19075520833333334 0.8919270833333334 0.05078125 0.033854166666666664
0 0.7161458333333334 0.38671875 0.0546875 0.041666666666666664
0 0.2701822916666667 0.5403645833333334 0.048177083333333336 0.041666666666666664
0 0.9817708333333334 0.873046875 0.033854166666666664 0.045572916666666664
0 0.689453125 0.9446614583333334 0.040364583333333336 0.053385416666666664
0 0.5807291666666666 0.806640625 0.028645833333333332 0.01953125
0 0.826171875 0.6341145833333334 0.10546875 0.09114583333333333
0 0.701171875 0.9401041666666666 0.04296875 0.0546875
0 0.3834635416666667 0.8248697916666666 0.040364583333333336 0.037760416666666664
0 0.8346354166666666 0.6197916666666666 0.0546875 0.046875
0 0.18489583333333334 0.8990885416666666 0.028645833333333332 0.01953125
0 0.3411458333333333 0.7858072916666666 0.028645833333333332 0.022135416666666668
0 0.5546875 0.787109375 0.018229166666666668 0.014322916666666666
0 0.5208333333333334 0.9407552083333334 0.0546875 0.040364583333333336
