0 0.6888020833333334 0.7975260416666666 0.057291666666666664 0.05859375
0 0.6959635416666666 0.7786458333333334 0.07942708333333333 0.08333333333333333
0 0.4147135416666667 0.9108072916666666 0.016927083333333332 0.06380208333333333
0 0.6868489583333334 0.7486979166666666 0.02734375 0.028645833333333332
0 0.9680989583333334 0.8665364583333334 0.024739583333333332 0.055989583333333336
0 0.7076822916666666 0.3606770833333333 0.01953125 0.052083333333333336
0 0.4114583333333333 0.7942708333333334 0.041666666666666664 0.08333333333333333
0 0.9908854166666666 0.8483072916666666 0.013020833333333334 0.024739583333333332
0 0.9817708333333334 0.861328125 0.026041666666666668 0.07161458333333333
0 0.6790364583333334 0.806640625 0.03515625 0.037760416666666664
0 0.042317708333333336 0.8880208333333334 0.022135416666666668 0.044270833333333336
0 0.6953125 0.3600260416666667 0.0234375 0.055989583333333336
0 0.3984375 0.802734375 0.033854166666666664 0.06901041666666667
