0 0.2884114583333333 0.7838541666666666 0.02734375 0.06510416666666667
0 0.6178385416666666 0.21744791666666666 0.14453125 0.0234375
0 0.19791666666666666 0.8372395833333334 0.020833333333333332 0.015625
0 0.8463541666666666 0.4850260416666667 0.033854166666666664 0.03515625
0 0.061197916666666664 0.7825520833333334 0.020833333333333332 0.013020833333333334
0 0.10872395833333333 0.30078125 0.13411458333333334 0.026041666666666668
0 0.3131510416666667 0.783203125 0.024739583333333332 0.05859375
0 0.8893229166666666 0.5201822916666666 0.041666666666666664 0.037760416666666664
0 0.3287760416666667 0.767578125 0.009114583333333334 0.022135416666666668
0 0.22526041666666666 0.861328125 0.020833333333333332 0.014322916666666666
0 0.19466145833333334 0.8502604166666666 0.040364583333333336 0.036458333333333336
0 0.8098958333333334 0.451171875 0.036458333333333336 0.03515625
0 0.8209635416666666 0.22135416666666666 0.18098958333333334 0.03125
