0 0.9583333333333334 0.4765625 0.018229166666666668 0.026041666666666668
0 0.845703125 0.673828125 0.029947916666666668 0.03515625
0 0.6529947916666666 0.37109375 0.055989583333333336 0.0703125
0 0.4830729166666667 0.7200520833333334 0.020833333333333332 0.036458333333333336
0 0.466796875 0.6901041666666666 0.040364583333333336 0.046875
0 0.4811197916666667 0.69921875 0.037760416666666664 0.041666666666666664
0 0.826171875 0.671875 0.09505208333333333 0.12760416666666666
0 0.875 0.736328125 0.06510416666666667 0.08463541666666667
0 0.8841145833333334 0.7584635416666666 0.09635416666666667 0.12630208333333334
0 0.4739583333333333 0.8125 0.049479166666666664 0.044270833333333336
0 0.544921875 0.564453125 0.03515625 0.05078125
