0 0.5201822916666666 0.17447916666666666 0.053385416666666664 0.052083333333333336
0 0.625 0.3209635416666667 0.041666666666666664 0.04296875
0 0.3268229166666667 0.14127604166666666 0.049479166666666664 0.06380208333333333
0 0.7936197916666666 0.02734375 0.05859375 0.0546875
0 0.6067708333333334 0.328125 0.036458333333333336 0.036458333333333336
0 0.6796875 0.234375 0.0234375 0.018229166666666668
0 0.6048177083333334 0.33984375 0.04296875 0.041666666666666664
0 0.615234375 0.3248697916666667 0.03515625 0.037760416666666664
0 0.6868489583333334 0.216796875 0.029947916666666668 0.022135416666666668
0 0.681640625 0.224609375 0.032552083333333336 0.024739583333333332
0 0.8893229166666666 0.047526041666666664 0.010416666666666666 0.009114583333333334
