0 0.6809895833333334 0.5397135416666666 0.0390625 0.10807291666666667
0 0.2565104166666667 0.513671875 0.06770833333333333 0.055989583333333336
0 0.869140625 0.623046875 0.053385416666666664 0.05078125
0 0.59765625 0.8704427083333334 0.11979166666666667 0.09765625
0 0.4368489583333333 0.5169270833333334 0.029947916666666668 0.026041666666666668
0 0.4010416666666667 0.3528645833333333 0.049479166666666664 0.046875
0 0.18294270833333334 0.8971354166666666 0.07682291666666667 0.1015625
0 0.35546875 0.478515625 0.020833333333333332 0.016927083333333332
0 0.22916666666666666 0.8671875 0.015625 0.020833333333333332
0 0.529296875 0.330078125 0.03515625 0.032552083333333336
