0 0.057291666666666664 0.055989583333333336 0.03125 0.013020833333333334
0 0.890625 0.33984375 0.018229166666666668 0.013020833333333334
0 0.16796875 0.208984375 0.018229166666666668 0.01171875
0 0.876953125 0.14778645833333334 0.016927083333333332 0.009114583333333334
0 0.2747395833333333 0.18033854166666666 0.026041666666666668 0.01171875
0 0.14453125 0.4485677083333333 0.018229166666666668 0.01171875
0 0.4407552083333333 0.033203125 0.014322916666666666 0.016927083333333332
0 0.9498697916666666 0.328125 0.029947916666666668 0.010416666666666666
0 0.2578125 0.4694010416666667 0.018229166666666668 0.009114583333333334
0 0.6295572916666666 0.2721354166666667 0.016927083333333332 0.0078125
