0 0.5813802083333334 0.220703125 0.022135416666666668 0.009114583333333334
0 0.7923177083333334 0.236328125 0.009114583333333334 0.014322916666666666
0 0.11067708333333333 0.181640625 0.013020833333333334 0.016927083333333332
0 0.837890625 0.146484375 0.01171875 0.016927083333333332
0 0.9700520833333334 0.5442708333333334 0.020833333333333332 0.015625
0 0.9368489583333334 0.4791666666666667 0.01171875 0.018229166666666668
0 0.798828125 0.3294270833333333 0.009114583333333334 0.015625
0 0.7975260416666666 0.16666666666666666 0.009114583333333334 0.018229166666666668
0 0.8834635416666666 0.34765625 0.014322916666666666 0.020833333333333332
0 0.9544270833333334 0.6126302083333334 0.010416666666666666 0.01953125
0 0.9485677083333334 0.513671875 0.01171875 0.01953125
0 0.91796875 0.4381510416666667 0.033854166666666664 0.016927083333333332
0 0.8020833333333334 0.09440104166666667 0.028645833333333332 0.009114583333333334
