0 0.384765625 0.8424479166666666 0.032552083333333336 0.046875
0 0.4348958333333333 0.8424479166666666 0.0546875 0.033854166666666664
0 0.357421875 0.8313802083333334 0.0013020833333333333 0.0013020833333333333
0 0.42578125 0.8678385416666666 0.06770833333333333 0.04296875
0 0.4231770833333333 0.9739583333333334 0.0390625 0.020833333333333332
0 0.541015625 0.9192708333333334 0.029947916666666668 0.078125
0 0.5130208333333334 0.80859375 0.08072916666666667 0.059895833333333336
0 0.3919270833333333 0.8255208333333334 0.033854166666666664 0.0546875
0 0.3639322916666667 0.859375 0.037760416666666664 0.052083333333333336
0 0.4147135416666667 0.9329427083333334 0.07421875 0.037760416666666664
