0 0.791015625 0.142578125 0.02734375 0.053385416666666664
0 0.162109375 0.2421875 0.022135416666666668 0.044270833333333336
0 0.619140625 0.09049479166666667 0.032552083333333336 0.08463541666666667
0 0.7669270833333334 0.09114583333333333 0.013020833333333334 0.020833333333333332
0 0.6393229166666666 0.5481770833333334 0.0234375 0.0390625
0 0.7591145833333334 0.09375 0.013020833333333334 0.020833333333333332
0 0.9153645833333334 0.6842447916666666 0.059895833333333336 0.032552083333333336
0 0.154296875 0.23177083333333334 0.01171875 0.015625
0 0.7786458333333334 0.146484375 0.03125 0.055989583333333336
0 0.4283854166666667 0.4296875 0.018229166666666668 0.041666666666666664
0 0.708984375 0.3795572916666667 0.024739583333333332 0.04296875
0 0.83984375 0.619140625 0.028645833333333332 0.022135416666666668
