0 0.9583333333333334 0.7662760416666666 0.018229166666666668 0.032552083333333336
0 0.4173177083333333 0.6119791666666666 0.040364583333333336 0.06510416666666667
0 0.3990885416666667 0.7604166666666666 0.05078125 0.018229166666666668
0 0.07356770833333333 0.80859375 0.07161458333333333 0.0625
0 0.8346354166666666 0.6692708333333334 0.07291666666666667 0.06770833333333333
0 0.17643229166666666 0.6861979166666666 0.040364583333333336 0.0546875
0 0.8359375 0.33203125 0.013020833333333334 0.013020833333333334
0 0.626953125 0.7096354166666666 0.029947916666666668 0.033854166666666664
0 0.7024739583333334 0.927734375 0.045572916666666664 0.02734375
0 0.3990885416666667 0.6197916666666666 0.05078125 0.0703125
0 0.8177083333333334 0.6640625 0.052083333333333336 0.046875
