0 0.3235677083333333 0.6295572916666666 0.024739583333333332 0.01171875
0 0.654296875 0.3385416666666667 0.014322916666666666 0.013020833333333334
0 0.7532552083333334 0.07291666666666667 0.022135416666666668 0.015625
0 0.6888020833333334 0.228515625 0.020833333333333332 0.014322916666666666
0 0.5078125 0.4095052083333333 0.018229166666666668 0.016927083333333332
0 0.533203125 0.3684895833333333 0.016927083333333332 0.013020833333333334
0 0.591796875 0.2779947916666667 0.01953125 0.009114583333333334
0 0.740234375 0.1484375 0.01171875 0.010416666666666666
0 0.5846354166666666 0.384765625 0.0234375 0.014322916666666666
0 0.6328125 0.240234375 0.018229166666666668 0.009114583333333334
0 0.732421875 0.09049479166666667 0.022135416666666668 0.016927083333333332
0 0.6640625 0.06315104166666667 0.028645833333333332 0.016927083333333332
0 0.7141927083333334 0.12955729166666666 0.01171875 0.006510416666666667
0 0.7916666666666666 0.08333333333333333 0.020833333333333332 0.015625
