0 0.8196614583333334 0.9147135416666666 0.01171875 0.014322916666666666
0 0.8346354166666666 0.4173177083333333 0.078125 0.06380208333333333
0 0.5911458333333334 0.806640625 0.020833333333333332 0.05859375
0 0.3893229166666667 0.89453125 0.036458333333333336 0.03125
0 0.6087239583333334 0.8046875 0.024739583333333332 0.08333333333333333
0 0.4049479166666667 0.88671875 0.049479166666666664 0.036458333333333336
0 0.11328125 0.7395833333333334 0.018229166666666668 0.013020833333333334
0 0.67578125 0.6106770833333334 0.078125 0.06770833333333333
0 0.830078125 0.9166666666666666 0.045572916666666664 0.052083333333333336
0 0.5748697916666666 0.8001302083333334 0.022135416666666668 0.06640625
0 0.8606770833333334 0.376953125 0.0703125 0.06901041666666667
0 0.13736979166666666 0.7194010416666666 0.06640625 0.037760416666666664
