0 0.9440104166666666 0.7447916666666666 0.010416666666666666 0.010416666666666666
0 0.8873697916666666 0.5911458333333334 0.009114583333333334 0.013020833333333334
0 0.9127604166666666 0.5201822916666666 0.0078125 0.01171875
0 0.9518229166666666 0.556640625 0.005208333333333333 0.01171875
0 0.9427083333333334 0.4700520833333333 0.0078125 0.010416666666666666
0 0.8541666666666666 0.23177083333333334 0.0078125 0.013020833333333334
0 0.7747395833333334 0.7819010416666666 0.010416666666666666 0.014322916666666666
0 0.806640625 0.049479166666666664 0.006510416666666667 0.010416666666666666
0 0.8990885416666666 0.5813802083333334 0.006510416666666667 0.01171875
0 0.9654947916666666 0.5865885416666666 0.014322916666666666 0.009114583333333334
0 0.9485677083333334 0.7102864583333334 0.01171875 0.01171875
0 0.6315104166666666 0.16341145833333334 0.013020833333333334 0.014322916666666666
0 0.9264322916666666 0.57421875 0.006510416666666667 0.010416666666666666
0 0.6458333333333334 0.16276041666666666 0.013020833333333334 0.010416666666666666
0 0.9114583333333334 0.6067708333333334 0.013020833333333334 0.010416666666666666
