0 0.4466145833333333 0.6080729166666666 0.010416666666666666 0.010416666666666666
0 0.7102864583333334 0.7532552083333334 0.01953125 0.032552083333333336
0 0.53125 0.759765625 0.010416666666666666 0.009114583333333334
0 0.4973958333333333 0.71484375 0.0078125 0.0078125
0 0.5377604166666666 0.7662760416666666 0.0078125 0.009114583333333334
0 0.6002604166666666 0.673828125 0.010416666666666666 0.01171875
0 0.90234375 0.720703125 0.018229166666666668 0.024739583333333332
0 0.837890625 0.8365885416666666 0.016927083333333332 0.02734375
0 0.912109375 0.6946614583333334 0.016927083333333332 0.024739583333333332
0 0.4720052083333333 0.6529947916666666 0.016927083333333332 0.01171875
0 0.5071614583333334 0.73046875 0.009114583333333334 0.010416666666666666
