0 0.0625 0.09244791666666667 0.020833333333333332 0.020833333333333332
0 0.022786458333333332 0.035807291666666664 0.022135416666666668 0.01171875
0 0.09635416666666667 0.361328125 0.028645833333333332 0.022135416666666668
0 0.16471354166666666 0.12955729166666666 0.024739583333333332 0.014322916666666666
0 0.15169270833333334 0.23567708333333334 0.01953125 0.0078125
0 0.201171875 0.134765625 0.024739583333333332 0.009114583333333334
0 0.18880208333333334 0.11197916666666667 0.018229166666666668 0.013020833333333334
0 0.2662760416666667 0.23828125 0.01953125 0.020833333333333332
0 0.07421875 0.13606770833333334 0.026041666666666668 0.022135416666666668
0 0.11653645833333333 0.138671875 0.022135416666666668 0.006510416666666667
