0 0.5071614583333334 0.7493489583333334 0.13932291666666666 0.07421875
0 0.2890625 0.7571614583333334 0.0234375 0.022135416666666668
0 0.8138020833333334 0.8346354166666666 0.11458333333333333 0.044270833333333336
0 0.736328125 0.11458333333333333 0.11328125 0.041666666666666664
0 0.7604166666666666 0.8053385416666666 0.020833333333333332 0.01953125
0 0.13216145833333334 0.30859375 0.053385416666666664 0.026041666666666668
0 0.2864583333333333 0.494140625 0.057291666666666664 0.029947916666666668
0 0.4231770833333333 0.13151041666666666 0.03125 0.015625
0 0.291015625 0.23763020833333334 0.022135416666666668 0.01171875
0 0.7662760416666666 0.4166666666666667 0.12890625 0.06510416666666667
0 0.189453125 0.7194010416666666 0.10807291666666667 0.04296875
0 0.4986979166666667 0.4231770833333333 0.11979166666666667 0.052083333333333336
