0 0.6725260416666666 0.8763020833333334 0.016927083333333332 0.005208333333333333
0 0.8509114583333334 0.912109375 0.01953125 0.02734375
0 0.87890625 0.9153645833333334 0.018229166666666668 0.026041666666666668
0 0.66015625 0.91015625 0.013020833333333334 0.0078125
0 0.8639322916666666 0.9153645833333334 0.022135416666666668 0.028645833333333332
0 0.666015625 0.89453125 0.01953125 0.013020833333333334
0 0.6705729166666666 0.8828125 0.018229166666666668 0.0078125
0 0.6614583333333334 0.9036458333333334 0.013020833333333334 0.0078125
0 0.73046875 0.8736979166666666 0.015625 0.010416666666666666
0 0.67578125 0.8704427083333334 0.020833333333333332 0.009114583333333334
0 0.7096354166666666 0.9348958333333334 0.018229166666666668 0.015625
0 0.7350260416666666 0.9270833333333334 0.016927083333333332 0.010416666666666666
