0 0.6360677083333334 0.67578125 0.040364583333333336 0.057291666666666664
0 0.9361979166666666 0.3932291666666667 0.018229166666666668 0.0234375
0 0.6927083333333334 0.5709635416666666 0.026041666666666668 0.01953125
0 0.6712239583333334 0.6842447916666666 0.029947916666666668 0.048177083333333336
0 0.6829427083333334 0.5872395833333334 0.03515625 0.026041666666666668
0 0.7311197916666666 0.5520833333333334 0.05078125 0.044270833333333336
0 0.7180989583333334 0.5618489583333334 0.05078125 0.045572916666666664
0 0.689453125 0.556640625 0.024739583333333332 0.01953125
0 0.7578125 0.5234375 0.0234375 0.018229166666666668
0 0.744140625 0.5442708333333334 0.05078125 0.041666666666666664
0 0.8626302083333334 0.4368489583333333 0.037760416666666664 0.03515625
0 0.6119791666666666 0.7994791666666666 0.010416666666666666 0.015625
0 0.654296875 0.6803385416666666 0.040364583333333336 0.05859375
0 0.92578125 0.3971354166666667 0.018229166666666668 0.0234375
