0 0.7024739583333334 0.794921875 0.022135416666666668 0.01171875
0 0.6165364583333334 0.7630208333333334 0.016927083333333332 0.0234375
0 0.34375 0.11588541666666667 0.020833333333333332 0.018229166666666668
0 0.6927083333333334 0.7864583333333334 0.026041666666666668 0.010416666666666666
0 0.693359375 0.779296875 0.024739583333333332 0.016927083333333332
0 0.6940104166666666 0.7962239583333334 0.0234375 0.01171875
0 0.3619791666666667 0.876953125 0.015625 0.024739583333333332
0 0.3229166666666667 0.8352864583333334 0.020833333333333332 0.014322916666666666
0 0.3509114583333333 0.865234375 0.024739583333333332 0.009114583333333334
0 0.716796875 0.771484375 0.009114583333333334 0.024739583333333332
0 0.6796875 0.794921875 0.005208333333333333 0.00390625
0 0.3040364583333333 0.8072916666666666 0.01953125 0.026041666666666668
