0 0.11002604166666667 0.1015625 0.009114583333333334 0.0078125
0 0.09505208333333333 0.109375 0.0078125 0.0078125
0 0.07486979166666667 0.07291666666666667 0.016927083333333332 0.020833333333333332
0 0.11197916666666667 0.08919270833333333 0.013020833333333334 0.01171875
0 0.11588541666666667 0.008463541666666666 0.0078125 0.014322916666666666
0 0.080078125 0.08528645833333333 0.006510416666666667 0.006510416666666667
0 0.10286458333333333 0.10221354166666667 0.0078125 0.006510416666666667
0 0.022135416666666668 0.09049479166666667 0.013020833333333334 0.01953125
0 0.109375 0.095703125 0.013020833333333334 0.009114583333333334
0 0.099609375 0.10416666666666667 0.009114583333333334 0.010416666666666666
0 0.09505208333333333 0.10481770833333333 0.010416666666666666 0.01171875
0 0.08723958333333333 0.111328125 0.010416666666666666 0.01171875
0 0.09049479166666667 0.10872395833333333 0.006510416666666667 0.009114583333333334
0 0.10546875 0.10091145833333333 0.0078125 0.009114583333333334
0 0.13411458333333334 0.061197916666666664 0.010416666666666666 0.0078125
