0 0.21484375 0.8899739583333334 0.041666666666666664 0.08463541666666667
0 0.19921875 0.8743489583333334 0.03125 0.05078125
0 0.7311197916666666 0.7682291666666666 0.05078125 0.049479166666666664
0 0.7415364583333334 0.7805989583333334 0.045572916666666664 0.045572916666666664
0 0.7682291666666666 0.80078125 0.044270833333333336 0.049479166666666664
0 0.7337239583333334 0.7369791666666666 0.01953125 0.018229166666666668
0 0.7506510416666666 0.7936197916666666 0.045572916666666664 0.05078125
0 0.7356770833333334 0.74609375 0.0234375 0.020833333333333332
0 0.19205729166666666 0.8528645833333334 0.014322916666666666 0.026041666666666668
0 0.3229166666666667 0.2962239583333333 0.044270833333333336 0.09765625
0 0.21223958333333334 0.9563802083333334 0.07291666666666667 0.048177083333333336
