0 0.28515625 0.8899739583333334 0.005208333333333333 0.01171875
0 0.259765625 0.9075520833333334 0.006510416666666667 0.010416666666666666
0 0.220703125 0.9244791666666666 0.009114583333333334 0.013020833333333334
0 0.21809895833333334 0.21484375 0.006510416666666667 0.010416666666666666
0 0.24609375 0.853515625 0.0078125 0.01171875
0 0.1875 0.5651041666666666 0.0078125 0.013020833333333334
0 0.3958333333333333 0.490234375 0.0390625 0.11328125
0 0.158203125 0.103515625 0.01171875 0.014322916666666666
0 0.298828125 0.919921875 0.014322916666666666 0.009114583333333334
0 0.12044270833333333 0.17317708333333334 0.006510416666666667 0.013020833333333334
0 0.2760416666666667 0.8033854166666666 0.0078125 0.010416666666666666
0 0.13997395833333334 0.3828125 0.006510416666666667 0.010416666666666666
0 0.044270833333333336 0.099609375 0.015625 0.01171875
0 0.24479166666666666 0.9401041666666666 0.013020833333333334 0.010416666666666666
0 0.232421875 0.9147135416666666 0.006510416666666667 0.01171875
