0 0.9036458333333334 0.9192708333333334 0.07291666666666667 0.049479166666666664
0 0.705078125 0.9140625 0.02734375 0.033854166666666664
0 0.6848958333333334 0.9069010416666666 0.020833333333333332 0.02734375
0 0.63671875 0.900390625 0.0234375 0.029947916666666668
0 0.8671875 0.8548177083333334 0.028645833333333332 0.037760416666666664
0 0.6608072916666666 0.9049479166666666 0.029947916666666668 0.044270833333333336
0 0.8802083333333334 0.8548177083333334 0.020833333333333332 0.024739583333333332
0 0.9290364583333334 0.9016927083333334 0.048177083333333336 0.029947916666666668
0 0.923828125 0.955078125 0.0013020833333333333 0.0013020833333333333
0 0.8997395833333334 0.9498697916666666 0.044270833333333336 0.029947916666666668
0 0.8893229166666666 0.859375 0.0234375 0.026041666666666668
