0 0.7936197916666666 0.7526041666666666 0.009114583333333334 0.015625
0 0.6432291666666666 0.3359375 0.005208333333333333 0.005208333333333333
0 0.6647135416666666 0.3177083333333333 0.009114583333333334 0.0078125
0 0.625 0.275390625 0.0078125 0.006510416666666667
0 0.63671875 0.279296875 0.0078125 0.00390625
0 0.5481770833333334 0.2838541666666667 0.0078125 0.005208333333333333
0 0.6510416666666666 0.279296875 0.005208333333333333 0.006510416666666667
0 0.64453125 0.3040364583333333 0.005208333333333333 0.006510416666666667
0 0.6432291666666666 0.328125 0.005208333333333333 0.005208333333333333
0 0.6419270833333334 0.3203125 0.005208333333333333 0.005208333333333333
0 0.6471354166666666 0.291015625 0.0078125 0.009114583333333334
0 0.658203125 0.3216145833333333 0.006510416666666667 0.005208333333333333
0 0.6432291666666666 0.3118489583333333 0.005208333333333333 0.006510416666666667
