0 0.677734375 0.7916666666666666 0.024739583333333332 0.018229166666666668
0 0.046223958333333336 0.8697916666666666 0.014322916666666666 0.015625
0 0.2799479166666667 0.6673177083333334 0.013020833333333334 0.01171875
0 0.7467447916666666 0.9401041666666666 0.022135416666666668 0.015625
0 0.3274739583333333 0.60546875 0.014322916666666666 0.013020833333333334
0 0.3157552083333333 0.611328125 0.014322916666666666 0.014322916666666666
0 0.33203125 0.5970052083333334 0.020833333333333332 0.01953125
0 0.2877604166666667 0.6243489583333334 0.015625 0.014322916666666666
0 0.3743489583333333 0.5618489583333334 0.01953125 0.016927083333333332
0 0.6731770833333334 0.908203125 0.026041666666666668 0.014322916666666666
0 0.38671875 0.5123697916666666 0.018229166666666668 0.014322916666666666
