0 0.455078125 0.19140625 0.009114583333333334 0.010416666666666666
0 0.25390625 0.4388020833333333 0.010416666666666666 0.010416666666666666
0 0.6653645833333334 0.2526041666666667 0.010416666666666666 0.010416666666666666
0 0.6907552083333334 0.3151041666666667 0.009114583333333334 0.010416666666666666
0 0.5227864583333334 0.37109375 0.009114583333333334 0.010416666666666666
0 0.6022135416666666 0.2897135416666667 0.009114583333333334 0.01171875
0 0.677734375 0.18424479166666666 0.009114583333333334 0.01171875
0 0.56640625 0.28125 0.010416666666666666 0.010416666666666666
0 0.5247395833333334 0.3430989583333333 0.0078125 0.009114583333333334
0 0.4010416666666667 0.3502604166666667 0.0078125 0.010416666666666666
0 0.5729166666666666 0.369140625 0.0078125 0.009114583333333334
0 0.6328125 0.2779947916666667 0.0078125 0.009114583333333334
0 0.5553385416666666 0.31640625 0.009114583333333334 0.010416666666666666
