0 0.08268229166666667 0.6028645833333334 0.01171875 0.028645833333333332
0 0.18098958333333334 0.544921875 0.044270833333333336 0.09244791666666667
0 0.059244791666666664 0.6380208333333334 0.037760416666666664 0.09635416666666667
0 0.3333333333333333 0.5403645833333334 0.028645833333333332 0.0859375
0 0.13151041666666666 0.15755208333333334 0.08072916666666667 0.0625
0 0.10546875 0.1328125 0.11979166666666667 0.09114583333333333
0 0.4869791666666667 0.603515625 0.07291666666666667 0.032552083333333336
0 0.032552083333333336 0.6341145833333334 0.0390625 0.09635416666666667
0 0.018229166666666668 0.6009114583333334 0.013020833333333334 0.029947916666666668
0 0.2571614583333333 0.5286458333333334 0.045572916666666664 0.09114583333333333
0 0.3033854166666667 0.5494791666666666 0.03125 0.07552083333333333
0 0.08203125 0.11197916666666667 0.07291666666666667 0.052083333333333336
0 0.3997395833333333 0.6028645833333334 0.0625 0.03125
