0 0.7122395833333334 0.703125 0.036458333333333336 0.0234375
0 0.7109375 0.7141927083333334 0.03125 0.01953125
0 0.7936197916666666 0.802734375 0.01953125 0.029947916666666668
0 0.4869791666666667 0.310546875 0.11197916666666667 0.11328125
0 0.7454427083333334 0.7272135416666666 0.03515625 0.024739583333333332
0 0.8828125 0.95703125 0.03125 0.036458333333333336
0 0.80078125 0.6393229166666666 0.10416666666666667 0.11197916666666667
0 0.8248697916666666 0.8587239583333334 0.022135416666666668 0.03515625
0 0.6712239583333334 0.6953125 0.037760416666666664 0.0234375
0 0.7682291666666666 0.75390625 0.020833333333333332 0.03125
