0 0.794921875 0.13020833333333334 0.055989583333333336 0.057291666666666664
0 0.15234375 0.830078125 0.03125 0.07421875
0 0.6979166666666666 0.6243489583333334 0.044270833333333336 0.053385416666666664
0 0.619140625 0.4563802083333333 0.045572916666666664 0.06380208333333333
0 0.46875 0.16796875 0.09635416666666667 0.08854166666666667
0 0.12760416666666666 0.4029947916666667 0.078125 0.05859375
0 0.421875 0.4303385416666667 0.0703125 0.08723958333333333
0 0.8483072916666666 0.5436197916666666 0.032552083333333336 0.07161458333333333
0 0.9993489583333334 0.650390625 0.0013020833333333333 0.04296875
0 0.4680989583333333 0.13346354166666666 0.05078125 0.045572916666666664
0 0.8001302083333334 0.1640625 0.09244791666666667 0.09635416666666667
0 0.3444010416666667 0.8854166666666666 0.05078125 0.08333333333333333
