0 0.58984375 0.82421875 0.013020833333333334 0.020833333333333332
0 0.603515625 0.8229166666666666 0.006510416666666667 0.013020833333333334
0 0.7630208333333334 0.5826822916666666 0.010416666666666666 0.016927083333333332
0 0.7213541666666666 0.5436197916666666 0.046875 0.09505208333333333
0 0.6790364583333334 0.6608072916666666 0.029947916666666668 0.06640625
0 0.583984375 0.8001302083333334 0.014322916666666666 0.022135416666666668
0 0.7037760416666666 0.6555989583333334 0.029947916666666668 0.06640625
0 0.6041666666666666 0.8177083333333334 0.005208333333333333 0.0078125
0 0.64453125 0.7252604166666666 0.028645833333333332 0.049479166666666664
0 0.7571614583333334 0.583984375 0.009114583333333334 0.016927083333333332
0 0.5911458333333334 0.798828125 0.013020833333333334 0.01953125
0 0.59765625 0.8235677083333334 0.013020833333333334 0.01953125
