0 0.25390625 0.8834635416666666 0.052083333333333336 0.061197916666666664
0 0.25 0.58984375 0.033854166666666664 0.049479166666666664
0 0.564453125 0.67578125 0.048177083333333336 0.057291666666666664
0 0.84765625 0.7037760416666666 0.0546875 0.05859375
0 0.6881510416666666 0.9244791666666666 0.037760416666666664 0.041666666666666664
0 0.4192708333333333 0.78515625 0.013020833333333334 0.0078125
0 0.677734375 0.9166666666666666 0.045572916666666664 0.049479166666666664
0 0.41015625 0.888671875 0.044270833333333336 0.055989583333333336
0 0.7727864583333334 0.4837239583333333 0.02734375 0.029947916666666668
0 0.9720052083333334 0.9108072916666666 0.045572916666666664 0.045572916666666664
