0 0.3098958333333333 0.5924479166666666 0.041666666666666664 0.057291666666666664
0 0.083984375 0.3287760416666667 0.016927083333333332 0.014322916666666666
0 0.059895833333333336 0.2845052083333333 0.015625 0.014322916666666666
0 0.07552083333333333 0.8404947916666666 0.078125 0.08203125
0 0.7272135416666666 0.984375 0.01953125 0.018229166666666668
0 0.18229166666666666 0.3802083333333333 0.0078125 0.010416666666666666
0 0.6634114583333334 0.8430989583333334 0.016927083333333332 0.014322916666666666
0 0.24934895833333334 0.4049479166666667 0.01171875 0.015625
0 0.014322916666666666 0.24739583333333334 0.015625 0.015625
0 0.4583333333333333 0.5748697916666666 0.0234375 0.06640625
0 0.6927083333333334 0.982421875 0.015625 0.016927083333333332
0 0.3509114583333333 0.6393229166666666 0.04296875 0.0546875
0 0.009765625 0.24088541666666666 0.016927083333333332 0.015625
0 0.0390625 0.265625 0.013020833333333334 0.015625
0 0.028645833333333332 0.25390625 0.010416666666666666 0.013020833333333334
