0 0.6510416666666666 0.837890625 0.0078125 0.009114583333333334
0 0.3014322916666667 0.41015625 0.01953125 0.013020833333333334
0 0.3990885416666667 0.3743489583333333 0.016927083333333332 0.01171875
0 0.6282552083333334 0.4075520833333333 0.006510416666666667 0.0078125
0 0.404296875 0.330078125 0.024739583333333332 0.014322916666666666
0 0.3326822916666667 0.4401041666666667 0.022135416666666668 0.015625
0 0.6477864583333334 0.365234375 0.02734375 0.022135416666666668
0 0.091796875 0.466796875 0.02734375 0.014322916666666666
0 0.4993489583333333 0.3430989583333333 0.024739583333333332 0.014322916666666666
0 0.08333333333333333 0.4309895833333333 0.0234375 0.018229166666666668
0 0.447265625 0.390625 0.024739583333333332 0.015625
0 0.08854166666666667 0.4466145833333333 0.018229166666666668 0.013020833333333334
0 0.7838541666666666 0.3580729166666667 0.026041666666666668 0.018229166666666668
