0 0.5904947916666666 0.955078125 0.0013020833333333333 0.0013020833333333333
0 0.3274739583333333 0.9049479166666666 0.029947916666666668 0.044270833333333336
0 0.56640625 0.9498697916666666 0.044270833333333336 0.029947916666666668
0 0.546875 0.8548177083333334 0.020833333333333332 0.024739583333333332
0 0.3515625 0.9069010416666666 0.020833333333333332 0.02734375
0 0.5559895833333334 0.859375 0.0234375 0.026041666666666668
0 0.595703125 0.9016927083333334 0.048177083333333336 0.029947916666666668
0 0.3033854166666667 0.900390625 0.0234375 0.029947916666666668
0 0.5703125 0.9192708333333334 0.07291666666666667 0.049479166666666664
0 0.5338541666666666 0.8548177083333334 0.028645833333333332 0.037760416666666664
0 0.3717447916666667 0.9140625 0.02734375 0.033854166666666664
