0 0.6666666666666666 0.20768229166666666 0.010416666666666666 0.016927083333333332
0 0.5286458333333334 0.16861979166666666 0.0078125 0.009114583333333334
0 0.685546875 0.23958333333333334 0.014322916666666666 0.015625
0 0.7037760416666666 0.21028645833333334 0.01171875 0.01171875
0 0.5852864583333334 0.2923177083333333 0.00390625 0.009114583333333334
0 0.6901041666666666 0.2109375 0.0078125 0.010416666666666666
0 0.6809895833333334 0.20703125 0.0078125 0.010416666666666666
0 0.5071614583333334 0.15169270833333334 0.016927083333333332 0.01171875
0 0.603515625 0.3151041666666667 0.016927083333333332 0.015625
0 0.673828125 0.24934895833333334 0.014322916666666666 0.014322916666666666
0 0.5911458333333334 0.16276041666666666 0.015625 0.015625
0 0.591796875 0.13802083333333334 0.01171875 0.013020833333333334
0 0.650390625 0.21158854166666666 0.01171875 0.01171875
