0 0.4713541666666667 0.912109375 0.07291666666666667 0.06640625
0 0.14518229166666666 0.65234375 0.07942708333333333 0.028645833333333332
0 0.66796875 0.8040364583333334 0.0546875 0.045572916666666664
0 0.9993489583333334 0.2890625 0.0013020833333333333 0.0234375
0 0.5813802083333334 0.7799479166666666 0.022135416666666668 0.0234375
0 0.744140625 0.4108072916666667 0.055989583333333336 0.06380208333333333
0 0.9127604166666666 0.5481770833333334 0.044270833333333336 0.049479166666666664
0 0.5475260416666666 0.20052083333333334 0.08463541666666667 0.09635416666666667
0 0.9609375 0.50390625 0.020833333333333332 0.049479166666666664
0 0.2532552083333333 0.89453125 0.08723958333333333 0.0703125
0 0.5677083333333334 0.58203125 0.0859375 0.057291666666666664
0 0.771484375 0.662109375 0.032552083333333336 0.029947916666666668
0 0.283203125 0.1484375 0.07421875 0.0546875
