0 0.388671875 0.24674479166666666 0.01171875 0.014322916666666666
0 0.509765625 0.24479166666666666 0.014322916666666666 0.018229166666666668
0 0.5729166666666666 0.2662760416666667 0.018229166666666668 0.016927083333333332
0 0.5442708333333334 0.3841145833333333 0.013020833333333334 0.020833333333333332
0 0.6276041666666666 0.3313802083333333 0.0234375 0.01171875
0 0.6796875 0.298828125 0.0234375 0.014322916666666666
0 0.6165364583333334 0.3821614583333333 0.01953125 0.01953125
0 0.6959635416666666 0.3177083333333333 0.022135416666666668 0.015625
0 0.6341145833333334 0.2877604166666667 0.018229166666666668 0.013020833333333334
0 0.6282552083333334 0.3541666666666667 0.029947916666666668 0.018229166666666668
0 0.412109375 0.15559895833333334 0.016927083333333332 0.022135416666666668
