0 0.16276041666666666 0.244140625 0.013020833333333334 0.016927083333333332
0 0.072265625 0.275390625 0.022135416666666668 0.03515625
0 0.10286458333333333 0.2545572916666667 0.015625 0.022135416666666668
0 0.154296875 0.24674479166666666 0.014322916666666666 0.01953125
0 0.14518229166666666 0.24934895833333334 0.014322916666666666 0.016927083333333332
0 0.037109375 0.529296875 0.014322916666666666 0.016927083333333332
0 0.8118489583333334 0.005859375 0.022135416666666668 0.01171875
0 0.12630208333333334 0.24934895833333334 0.013020833333333334 0.016927083333333332
0 0.044270833333333336 0.2623697916666667 0.010416666666666666 0.01171875
0 0.11328125 0.2526041666666667 0.013020833333333334 0.018229166666666668
