0 0.916015625 0.9296875 0.08463541666666667 0.13541666666666666
0 0.3684895833333333 0.7897135416666666 0.026041666666666668 0.024739583333333332
0 0.458984375 0.9928385416666666 0.01953125 0.014322916666666666
0 0.22005208333333334 0.849609375 0.026041666666666668 0.02734375
0 0.3352864583333333 0.9388020833333334 0.01171875 0.015625
0 0.19921875 0.9720052083333334 0.015625 0.016927083333333332
0 0.9309895833333334 0.7799479166666666 0.1015625 0.07552083333333333
0 0.3763020833333333 0.9895833333333334 0.020833333333333332 0.020833333333333332
0 0.33984375 0.8717447916666666 0.015625 0.016927083333333332
0 0.94140625 0.8177083333333334 0.11458333333333333 0.08854166666666667
0 0.564453125 0.9759114583333334 0.01171875 0.009114583333333334
0 0.3040364583333333 0.8190104166666666 0.01953125 0.018229166666666668
0 0.21875 0.9192708333333334 0.013020833333333334 0.015625
0 0.6341145833333334 0.91796875 0.028645833333333332 0.013020833333333334
0 0.5279947916666666 0.9036458333333334 0.02734375 0.0234375
