0 0.12239583333333333 0.435546875 0.10677083333333333 0.09765625
0 0.4368489583333333 0.49609375 0.07161458333333333 0.07552083333333333
0 0.8723958333333334 0.462890625 0.028645833333333332 0.06640625
0 0.3658854166666667 0.5240885416666666 0.0703125 0.05859375
0 0.22526041666666666 0.15950520833333334 0.026041666666666668 0.08723958333333333
0 0.8860677083333334 0.4765625 0.02734375 0.0625
0 0.244140625 0.16341145833333334 0.02734375 0.08203125
0 0.3958333333333333 0.48046875 0.08072916666666667 0.0703125
0 0.375 0.5325520833333334 0.0703125 0.0625
0 0.18619791666666666 0.17317708333333334 0.020833333333333332 0.033854166666666664
0 0.20572916666666666 0.162109375 0.026041666666666668 0.08463541666666667
