0 0.4609375 0.09895833333333333 0.0625 0.03125
0 0.12890625 0.13346354166666666 0.03125 0.053385416666666664
0 0.14778645833333334 0.12565104166666666 0.024739583333333332 0.045572916666666664
0 0.25 0.142578125 0.0234375 0.03515625
0 0.236328125 0.15494791666666666 0.032552083333333336 0.052083333333333336
0 0.07161458333333333 0.17578125 0.10416666666666667 0.028645833333333332
0 0.1953125 0.12825520833333334 0.018229166666666668 0.037760416666666664
0 0.275390625 0.14973958333333334 0.03515625 0.052083333333333336
0 0.21875 0.15950520833333334 0.028645833333333332 0.048177083333333336
0 0.18098958333333334 0.13606770833333334 0.0234375 0.04296875
0 0.5514322916666666 0.1796875 0.037760416666666664 0.0234375
0 0.9173177083333334 0.634765625 0.029947916666666668 0.04296875
0 0.29296875 0.14453125 0.03125 0.049479166666666664
0 0.16145833333333334 0.11783854166666667 0.018229166666666668 0.029947916666666668
0 0.33203125 0.125 0.0625 0.0234375
