0 0.3001302083333333 0.5625 0.03515625 0.059895833333333336
0 0.2845052083333333 0.556640625 0.037760416666666664 0.061197916666666664
0 0.267578125 0.5501302083333334 0.037760416666666664 0.061197916666666664
0 0.06705729166666667 0.2721354166666667 0.016927083333333332 0.033854166666666664
0 0.3333333333333333 0.6705729166666666 0.052083333333333336 0.08333333333333333
0 0.047526041666666664 0.271484375 0.016927083333333332 0.02734375
0 0.2565104166666667 0.5885416666666666 0.015625 0.020833333333333332
0 0.03515625 0.23177083333333334 0.033854166666666664 0.057291666666666664
0 0.9993489583333334 0.224609375 0.0013020833333333333 0.009114583333333334
0 0.052083333333333336 0.224609375 0.041666666666666664 0.06901041666666667
0 0.251953125 0.9134114583333334 0.053385416666666664 0.08984375
0 0.3053385416666667 0.6861979166666666 0.029947916666666668 0.046875
0 0.28515625 0.9309895833333334 0.036458333333333336 0.0703125
