0 0.4869791666666667 0.6171875 0.03125 0.026041666666666668
0 0.51953125 0.5436197916666666 0.013020833333333334 0.016927083333333332
0 0.5078125 0.568359375 0.010416666666666666 0.016927083333333332
0 0.697265625 0.3046875 0.01953125 0.010416666666666666
0 0.5260416666666666 0.5690104166666666 0.010416666666666666 0.020833333333333332
0 0.52734375 0.5455729166666666 0.013020833333333334 0.018229166666666668
0 0.517578125 0.5846354166666666 0.01171875 0.018229166666666668
0 0.69921875 0.271484375 0.015625 0.009114583333333334
0 0.5169270833333334 0.568359375 0.0078125 0.016927083333333332
0 0.6608072916666666 0.5462239583333334 0.009114583333333334 0.014322916666666666
