0 0.9127604166666666 0.3645833333333333 0.020833333333333332 0.0625
0 0.931640625 0.369140625 0.024739583333333332 0.06380208333333333
0 0.52734375 0.783203125 0.033854166666666664 0.10807291666666667
0 0.830078125 0.3587239583333333 0.022135416666666668 0.07421875
0 0.07877604166666667 0.591796875 0.014322916666666666 0.009114583333333334
0 0.8776041666666666 0.361328125 0.018229166666666668 0.06640625
0 0.9505208333333334 0.3665364583333333 0.020833333333333332 0.053385416666666664
0 0.8958333333333334 0.359375 0.020833333333333332 0.0546875
0 0.8548177083333334 0.3671875 0.032552083333333336 0.10416666666666667
0 0.5924479166666666 0.7786458333333334 0.015625 0.015625
