0 0.4427083333333333 0.12955729166666666 0.033854166666666664 0.09505208333333333
0 0.5455729166666666 0.12825520833333334 0.033854166666666664 0.07942708333333333
0 0.603515625 0.107421875 0.037760416666666664 0.09244791666666667
0 0.24674479166666666 0.045572916666666664 0.037760416666666664 0.09114583333333333
0 0.22916666666666666 0.10611979166666667 0.020833333333333332 0.029947916666666668
0 0.4173177083333333 0.13346354166666666 0.029947916666666668 0.08723958333333333
0 0.19921875 0.052083333333333336 0.03125 0.09114583333333333
0 0.4479166666666667 0.3899739583333333 0.057291666666666664 0.07682291666666667
0 0.6595052083333334 0.12044270833333333 0.040364583333333336 0.09244791666666667
0 0.685546875 0.107421875 0.040364583333333336 0.09765625
0 0.48828125 0.13541666666666666 0.033854166666666664 0.08072916666666667
0 0.6529947916666666 0.5377604166666666 0.045572916666666664 0.07552083333333333
