0 0.6126302083333334 0.244140625 0.04296875 0.016927083333333332
0 0.552734375 0.2565104166666667 0.04296875 0.020833333333333332
0 0.2877604166666667 0.5481770833333334 0.3411458333333333 0.10677083333333333
0 0.5104166666666666 0.23111979166666666 0.049479166666666664 0.016927083333333332
0 0.3671875 0.6419270833333334 0.2916666666666667 0.07291666666666667
0 0.9993489583333334 0.8092447916666666 0.0013020833333333333 0.032552083333333336
0 0.9993489583333334 0.6783854166666666 0.0013020833333333333 0.041666666666666664
0 0.580078125 0.345703125 0.04296875 0.01953125
0 0.5755208333333334 0.3658854166666667 0.041666666666666664 0.013020833333333334
0 0.603515625 0.2643229166666667 0.048177083333333336 0.018229166666666668
0 0.9993489583333334 0.03125 0.0013020833333333333 0.057291666666666664
0 0.5572916666666666 0.236328125 0.041666666666666664 0.016927083333333332
