0 0.7337239583333334 0.9388020833333334 0.016927083333333332 0.033854166666666664
0 0.17122395833333334 0.763671875 0.045572916666666664 0.055989583333333336
0 0.6744791666666666 0.6126302083333334 0.010416666666666666 0.01171875
0 0.7018229166666666 0.8984375 0.033854166666666664 0.057291666666666664
0 0.71875 0.8912760416666666 0.041666666666666664 0.06901041666666667
0 0.6881510416666666 0.9212239583333334 0.05078125 0.08463541666666667
0 0.15755208333333334 0.7565104166666666 0.052083333333333336 0.059895833333333336
0 0.15494791666666666 0.7298177083333334 0.07291666666666667 0.08203125
0 0.7141927083333334 0.9381510416666666 0.016927083333333332 0.02734375
0 0.13932291666666666 0.7122395833333334 0.06510416666666667 0.07291666666666667
0 0.6705729166666666 0.5729166666666666 0.028645833333333332 0.0703125
