0 0.6139322916666666 0.4947916666666667 0.037760416666666664 0.03125
0 0.4921875 0.6048177083333334 0.0625 0.040364583333333336
0 0.4505208333333333 0.6725260416666666 0.057291666666666664 0.048177083333333336
0 0.583984375 0.525390625 0.037760416666666664 0.02734375
0 0.6256510416666666 0.486328125 0.037760416666666664 0.029947916666666668
0 0.43359375 0.7005208333333334 0.0390625 0.03125
0 0.6354166666666666 0.4778645833333333 0.036458333333333336 0.026041666666666668
0 0.833984375 0.20638020833333334 0.037760416666666664 0.022135416666666668
0 0.576171875 0.5325520833333334 0.040364583333333336 0.028645833333333332
0 0.57421875 0.54296875 0.026041666666666668 0.018229166666666668
0 0.5546875 0.546875 0.049479166666666664 0.036458333333333336
0 0.2923177083333333 0.7630208333333334 0.05859375 0.0390625
0 0.4459635416666667 0.6901041666666666 0.037760416666666664 0.03125
0 0.546875 0.5768229166666666 0.028645833333333332 0.020833333333333332
0 0.5423177083333334 0.560546875 0.053385416666666664 0.03515625
