0 0.1171875 0.6829427083333334 0.08854166666666667 0.02734375
0 0.21614583333333334 0.462890625 0.049479166666666664 0.037760416666666664
0 0.078125 0.7311197916666666 0.026041666666666668 0.053385416666666664
0 0.20703125 0.4778645833333333 0.057291666666666664 0.036458333333333336
0 0.09505208333333333 0.734375 0.026041666666666668 0.052083333333333336
0 0.17252604166666666 0.5084635416666666 0.045572916666666664 0.03515625
0 0.6126302083333334 0.4518229166666667 0.040364583333333336 0.013020833333333334
0 0.21484375 0.6901041666666666 0.044270833333333336 0.049479166666666664
0 0.9993489583333334 0.771484375 0.0013020833333333333 0.01953125
0 0.17903645833333334 0.4954427083333333 0.040364583333333336 0.029947916666666668
