0 0.6354166666666666 0.12239583333333333 0.013020833333333334 0.018229166666666668
0 0.5768229166666666 0.57421875 0.0078125 0.018229166666666668
0 0.6458333333333334 0.111328125 0.010416666666666666 0.016927083333333332
0 0.5930989583333334 0.783203125 0.022135416666666668 0.022135416666666668
0 0.6126302083333334 0.5416666666666666 0.014322916666666666 0.020833333333333332
0 0.5963541666666666 0.4713541666666667 0.015625 0.015625
0 0.5338541666666666 0.685546875 0.0234375 0.022135416666666668
0 0.5364583333333334 0.765625 0.018229166666666668 0.0234375
0 0.6165364583333334 0.060546875 0.01953125 0.022135416666666668
0 0.5436197916666666 0.8444010416666666 0.016927083333333332 0.016927083333333332
0 0.5559895833333334 0.888671875 0.018229166666666668 0.022135416666666668
0 0.6022135416666666 0.4251302083333333 0.016927083333333332 0.016927083333333332
