0 0.9420572916666666 0.845703125 0.016927083333333332 0.01953125
0 0.12760416666666666 0.421875 0.005208333333333333 0.0078125
0 0.134765625 0.4205729166666667 0.016927083333333332 0.0234375
0 0.306640625 0.4700520833333333 0.022135416666666668 0.026041666666666668
0 0.0859375 0.390625 0.018229166666666668 0.0234375
0 0.09049479166666667 0.375 0.006510416666666667 0.0078125
0 0.2532552083333333 0.4622395833333333 0.014322916666666666 0.010416666666666666
0 0.15299479166666666 0.3938802083333333 0.01171875 0.014322916666666666
0 0.9485677083333334 0.8489583333333334 0.01953125 0.0234375
0 0.2838541666666667 0.4602864583333333 0.018229166666666668 0.022135416666666668
