0 0.9622395833333334 0.5651041666666666 0.07291666666666667 0.036458333333333336
0 0.369140625 0.7565104166666666 0.09765625 0.044270833333333336
0 0.62109375 0.5188802083333334 0.046875 0.016927083333333332
0 0.8196614583333334 0.865234375 0.045572916666666664 0.029947916666666668
0 0.71484375 0.6608072916666666 0.052083333333333336 0.022135416666666668
0 0.6243489583333334 0.5110677083333334 0.02734375 0.01171875
0 0.712890625 0.671875 0.04296875 0.020833333333333332
0 0.6302083333333334 0.5240885416666666 0.020833333333333332 0.009114583333333334
0 0.970703125 0.74609375 0.05078125 0.036458333333333336
0 0.6686197916666666 0.857421875 0.040364583333333336 0.01953125
0 0.4388020833333333 0.9889322916666666 0.059895833333333336 0.022135416666666668
0 0.5227864583333334 0.66796875 0.053385416666666664 0.028645833333333332
