0 0.658203125 0.09895833333333333 0.048177083333333336 0.07291666666666667
0 0.5475260416666666 0.67578125 0.11848958333333333 0.036458333333333336
0 0.4049479166666667 0.22200520833333334 0.046875 0.053385416666666664
0 0.13997395833333334 0.2838541666666667 0.01953125 0.06770833333333333
0 0.9505208333333334 0.6536458333333334 0.07291666666666667 0.018229166666666668
0 0.8684895833333334 0.7154947916666666 0.059895833333333336 0.016927083333333332
0 0.7473958333333334 0.666015625 0.09375 0.03515625
0 0.9752604166666666 0.8528645833333334 0.0390625 0.015625
0 0.95703125 0.7063802083333334 0.06510416666666667 0.016927083333333332
0 0.5651041666666666 0.7395833333333334 0.125 0.03125
0 0.8515625 0.6588541666666666 0.09375 0.026041666666666668
0 0.6471354166666666 0.673828125 0.036458333333333336 0.024739583333333332
