0 0.4557291666666667 0.4375 0.0234375 0.052083333333333336
0 0.5462239583333334 0.2682291666666667 0.014322916666666666 0.0390625
0 0.5384114583333334 0.26953125 0.022135416666666668 0.049479166666666664
0 0.052734375 0.6751302083333334 0.01953125 0.07421875
0 0.3203125 0.6666666666666666 0.0703125 0.08854166666666667
0 0.685546875 0.20833333333333334 0.014322916666666666 0.057291666666666664
0 0.12239583333333333 0.333984375 0.0234375 0.040364583333333336
0 0.5305989583333334 0.2610677083333333 0.016927083333333332 0.040364583333333336
0 0.9876302083333334 0.21875 0.014322916666666666 0.06510416666666667
0 0.4466145833333333 0.4309895833333333 0.018229166666666668 0.046875
