0 0.4915364583333333 0.82421875 0.009114583333333334 0.010416666666666666
0 0.22721354166666666 0.7265625 0.01171875 0.013020833333333334
0 0.23828125 0.70703125 0.015625 0.015625
0 0.2545572916666667 0.7389322916666666 0.05078125 0.053385416666666664
0 0.505859375 0.84765625 0.009114583333333334 0.013020833333333334
0 0.23697916666666666 0.7298177083333334 0.044270833333333336 0.048177083333333336
0 0.22395833333333334 0.72265625 0.010416666666666666 0.015625
0 0.7018229166666666 0.9635416666666666 0.044270833333333336 0.07291666666666667
0 0.5266927083333334 0.9108072916666666 0.01171875 0.01953125
0 0.2421875 0.7109375 0.013020833333333334 0.013020833333333334
