0 0.2858072916666667 0.5006510416666666 0.016927083333333332 0.009114583333333334
0 0.19596354166666666 0.10286458333333333 0.01171875 0.015625
0 0.1328125 0.783203125 0.020833333333333332 0.009114583333333334
0 0.2786458333333333 0.5065104166666666 0.018229166666666668 0.0078125
0 0.251953125 0.5416666666666666 0.01953125 0.010416666666666666
0 0.126953125 0.826171875 0.01953125 0.01171875
0 0.06770833333333333 0.6588541666666666 0.033854166666666664 0.049479166666666664
0 0.2591145833333333 0.5325520833333334 0.013020833333333334 0.0078125
0 0.19205729166666666 0.4915364583333333 0.01953125 0.01953125
0 0.9993489583333334 0.6490885416666666 0.0013020833333333333 0.0013020833333333333
0 0.2975260416666667 0.4954427083333333 0.016927083333333332 0.009114583333333334
