0 0.6848958333333334 0.7513020833333334 0.0234375 0.015625
0 0.4453125 0.6002604166666666 0.057291666666666664 0.028645833333333332
0 0.4563802083333333 0.6184895833333334 0.07421875 0.03125
0 0.07161458333333333 0.638671875 0.015625 0.009114583333333334
0 0.453125 0.6393229166666666 0.06510416666666667 0.028645833333333332
0 0.6822916666666666 0.7272135416666666 0.046875 0.02734375
0 0.666015625 0.7180989583333334 0.04296875 0.022135416666666668
0 0.0703125 0.6725260416666666 0.06510416666666667 0.016927083333333332
0 0.06705729166666667 0.654296875 0.07161458333333333 0.024739583333333332
0 0.673828125 0.7018229166666666 0.045572916666666664 0.020833333333333332
0 0.4485677083333333 0.6549479166666666 0.045572916666666664 0.020833333333333332
0 0.0703125 0.6940104166666666 0.0625 0.03125
0 0.6868489583333334 0.7389322916666666 0.040364583333333336 0.01953125
0 0.015625 0.6822916666666666 0.0078125 0.010416666666666666
