0 0.6158854166666666 0.705078125 0.041666666666666664 0.08984375
0 0.662109375 0.06966145833333333 0.04296875 0.029947916666666668
0 0.634765625 0.70703125 0.037760416666666664 0.09375
0 0.5442708333333334 0.31640625 0.028645833333333332 0.044270833333333336
0 0.470703125 0.4752604166666667 0.055989583333333336 0.049479166666666664
0 0.50390625 0.1640625 0.044270833333333336 0.06770833333333333
0 0.5703125 0.6171875 0.026041666666666668 0.041666666666666664
0 0.3541666666666667 0.5592447916666666 0.033854166666666664 0.05078125
0 0.64453125 0.69921875 0.015625 0.028645833333333332
0 0.6555989583333334 0.08268229166666667 0.05859375 0.040364583333333336
0 0.7057291666666666 0.24479166666666666 0.0390625 0.026041666666666668
