0 0.439453125 0.7903645833333334 0.03515625 0.09895833333333333
0 0.26171875 0.7083333333333334 0.036458333333333336 0.078125
0 0.6920572916666666 0.783203125 0.037760416666666664 0.09505208333333333
0 0.501953125 0.796875 0.024739583333333332 0.07552083333333333
0 0.9993489583333334 0.5026041666666666 0.0013020833333333333 0.0078125
0 0.197265625 0.71875 0.037760416666666664 0.0859375
0 0.24088541666666666 0.7109375 0.0390625 0.0859375
0 0.54296875 0.7884114583333334 0.0390625 0.07942708333333333
0 0.6653645833333334 0.78515625 0.0390625 0.09895833333333333
0 0.6048177083333334 0.771484375 0.037760416666666664 0.09505208333333333
