0 0.201171875 0.4680989583333333 0.024739583333333332 0.009114583333333334
0 0.15104166666666666 0.5677083333333334 0.020833333333333332 0.010416666666666666
0 0.11653645833333333 0.4720052083333333 0.022135416666666668 0.006510416666666667
0 0.07486979166666667 0.47265625 0.02734375 0.015625
0 0.18880208333333334 0.4453125 0.018229166666666668 0.013020833333333334
0 0.06315104166666667 0.4264322916666667 0.022135416666666668 0.01953125
0 0.16471354166666666 0.462890625 0.024739583333333332 0.014322916666666666
0 0.022786458333333332 0.369140625 0.022135416666666668 0.01171875
0 0.2662760416666667 0.5716145833333334 0.01953125 0.020833333333333332
0 0.09700520833333333 0.6985677083333334 0.029947916666666668 0.014322916666666666
