0 0.5240885416666666 0.9993489583333334 0.0013020833333333333 0.0013020833333333333
0 0.16796875 0.953125 0.0546875 0.046875
0 0.049479166666666664 0.7200520833333334 0.0546875 0.041666666666666664
0 0.767578125 0.5787760416666666 0.03515625 0.053385416666666664
0 0.5345052083333334 0.185546875 0.10026041666666667 0.06901041666666667
0 0.5703125 0.027994791666666668 0.0546875 0.022135416666666668
0 0.8580729166666666 0.8899739583333334 0.09895833333333333 0.09765625
0 0.3984375 0.77734375 0.0625 0.052083333333333336
0 0.8483072916666666 0.9029947916666666 0.045572916666666664 0.048177083333333336
0 0.15885416666666666 0.9609375 0.10416666666666667 0.078125
