0 0.24544270833333334 0.263671875 0.037760416666666664 0.037760416666666664
0 0.12825520833333334 0.12109375 0.01171875 0.005208333333333333
0 0.13216145833333334 0.12565104166666666 0.01953125 0.009114583333333334
0 0.3046875 0.3092447916666667 0.026041666666666668 0.022135416666666668
0 0.322265625 0.2864583333333333 0.02734375 0.026041666666666668
0 0.3776041666666667 0.2747395833333333 0.0546875 0.0390625
0 0.2994791666666667 0.2630208333333333 0.036458333333333336 0.036458333333333336
0 0.3203125 0.3274739583333333 0.026041666666666668 0.022135416666666668
0 0.279296875 0.2916666666666667 0.03515625 0.036458333333333336
0 0.2877604166666667 0.23372395833333334 0.0546875 0.040364583333333336
