0 0.900390625 0.3834635416666667 0.09505208333333333 0.08463541666666667
0 0.12044270833333333 0.146484375 0.040364583333333336 0.053385416666666664
0 0.032552083333333336 0.22786458333333334 0.0390625 0.059895833333333336
0 0.08268229166666667 0.13736979166666666 0.04296875 0.06380208333333333
0 0.060546875 0.24739583333333334 0.048177083333333336 0.0625
0 0.9192708333333334 0.4895833333333333 0.018229166666666668 0.036458333333333336
0 0.9993489583333334 0.3528645833333333 0.0013020833333333333 0.018229166666666668
0 0.9173177083333334 0.4114583333333333 0.10546875 0.09375
0 0.9993489583333334 0.443359375 0.0013020833333333333 0.032552083333333336
0 0.341796875 0.3671875 0.08203125 0.0546875
0 0.7220052083333334 0.9153645833333334 0.016927083333333332 0.015625
0 0.020182291666666668 0.22395833333333334 0.040364583333333336 0.059895833333333336
0 0.06966145833333333 0.13411458333333334 0.04296875 0.0625
