0 0.181640625 0.8053385416666666 0.009114583333333334 0.01953125
0 0.158203125 0.90625 0.01171875 0.018229166666666668
0 0.3548177083333333 0.8665364583333334 0.014322916666666666 0.02734375
0 0.3294270833333333 0.5690104166666666 0.010416666666666666 0.018229166666666668
0 0.2682291666666667 0.7760416666666666 0.015625 0.020833333333333332
0 0.9817708333333334 0.11002604166666667 0.015625 0.022135416666666668
0 0.970703125 0.11002604166666667 0.01953125 0.022135416666666668
0 0.10807291666666667 0.9342447916666666 0.015625 0.01953125
0 0.21028645833333334 0.931640625 0.01171875 0.02734375
0 0.7545572916666666 0.193359375 0.01953125 0.029947916666666668
0 0.5579427083333334 0.21354166666666666 0.024739583333333332 0.015625
0 0.66015625 0.3059895833333333 0.013020833333333334 0.0234375
