0 0.416015625 0.13736979166666666 0.04296875 0.06380208333333333
0 0.3014322916666667 0.3092447916666667 0.040364583333333336 0.05859375
0 0.4537760416666667 0.146484375 0.040364583333333336 0.053385416666666664
0 0.4029947916666667 0.13411458333333334 0.04296875 0.0625
0 0.345703125 0.3326822916666667 0.04296875 0.06380208333333333
0 0.3938802083333333 0.24739583333333334 0.048177083333333336 0.0625
0 0.3658854166666667 0.22786458333333334 0.0390625 0.059895833333333336
0 0.3111979166666667 0.314453125 0.041666666666666664 0.061197916666666664
0 0.033854166666666664 0.9817708333333334 0.020833333333333332 0.033854166666666664
0 0.353515625 0.22395833333333334 0.040364583333333336 0.059895833333333336
0 0.33984375 0.4283854166666667 0.036458333333333336 0.06510416666666667
0 0.6751302083333334 0.3671875 0.08203125 0.0546875
