0 0.22135416666666666 0.2513020833333333 0.010416666666666666 0.005208333333333333
0 0.4518229166666667 0.4205729166666667 0.010416666666666666 0.005208333333333333
0 0.21484375 0.23372395833333334 0.010416666666666666 0.009114583333333334
0 0.2701822916666667 0.42578125 0.009114583333333334 0.0078125
0 0.4518229166666667 0.4244791666666667 0.010416666666666666 0.0026041666666666665
0 0.4309895833333333 0.427734375 0.0078125 0.006510416666666667
0 0.44921875 0.4231770833333333 0.005208333333333333 0.0026041666666666665
0 0.27734375 0.427734375 0.010416666666666666 0.009114583333333334
0 0.4505208333333333 0.4283854166666667 0.010416666666666666 0.005208333333333333
0 0.4576822916666667 0.4322916666666667 0.00390625 0.0026041666666666665
0 0.232421875 0.3190104166666667 0.014322916666666666 0.010416666666666666
0 0.19921875 0.23046875 0.010416666666666666 0.0078125
0 0.4563802083333333 0.3841145833333333 0.006510416666666667 0.0078125
