0 0.90234375 0.3294270833333333 0.0390625 0.041666666666666664
0 0.9205729166666666 0.3470052083333333 0.044270833333333336 0.045572916666666664
0 0.5286458333333334 0.6002604166666666 0.0390625 0.015625
0 0.8098958333333334 0.5911458333333334 0.15885416666666666 0.03125
0 0.6171875 0.5983072916666666 0.036458333333333336 0.016927083333333332
0 0.3235677083333333 0.6595052083333334 0.040364583333333336 0.016927083333333332
0 0.6276041666666666 0.23046875 0.0625 0.026041666666666668
0 0.9147135416666666 0.3346354166666667 0.040364583333333336 0.044270833333333336
0 0.4830729166666667 0.5983072916666666 0.0390625 0.014322916666666666
0 0.609375 0.21028645833333334 0.0546875 0.01953125
0 0.5755208333333334 0.599609375 0.036458333333333336 0.016927083333333332
0 0.22200520833333334 0.35546875 0.037760416666666664 0.08072916666666667
0 0.3190104166666667 0.6458333333333334 0.044270833333333336 0.018229166666666668
0 0.14908854166666666 0.23958333333333334 0.061197916666666664 0.028645833333333332
