0 0.2858072916666667 0.9993489583333334 0.0013020833333333333 0.0013020833333333333
0 0.6907552083333334 0.2721354166666667 0.07942708333333333 0.07291666666666667
0 0.19205729166666666 0.7122395833333334 0.08463541666666667 0.06770833333333333
0 0.6328125 0.71484375 0.03125 0.0859375
0 0.3834635416666667 0.3522135416666667 0.08723958333333333 0.08984375
0 0.349609375 0.3665364583333333 0.08463541666666667 0.08984375
0 0.16080729166666666 0.3639322916666667 0.032552083333333336 0.05859375
0 0.9029947916666666 0.953125 0.09244791666666667 0.0859375
0 0.7415364583333334 0.5579427083333334 0.09505208333333333 0.08203125
0 0.4837239583333333 0.15364583333333334 0.040364583333333336 0.057291666666666664
