0 0.4049479166666667 0.20377604166666666 0.026041666666666668 0.014322916666666666
0 0.13736979166666666 0.07747395833333333 0.022135416666666668 0.022135416666666668
0 0.2994791666666667 0.037109375 0.015625 0.006510416666666667
0 0.302734375 0.4153645833333333 0.022135416666666668 0.028645833333333332
0 0.8118489583333334 0.043619791666666664 0.05078125 0.06380208333333333
0 0.5924479166666666 0.07877604166666667 0.028645833333333332 0.009114583333333334
0 0.2819010416666667 0.15690104166666666 0.01953125 0.01953125
0 0.3645833333333333 0.08723958333333333 0.015625 0.0234375
0 0.603515625 0.50390625 0.022135416666666668 0.026041666666666668
0 0.3912760416666667 0.09309895833333333 0.01953125 0.01953125
0 0.9440104166666666 0.3938802083333333 0.018229166666666668 0.009114583333333334
0 0.67578125 0.6315104166666666 0.013020833333333334 0.03125
