0 0.033854166666666664 0.49609375 0.010416666666666666 0.010416666666666666
0 0.04296875 0.451171875 0.0078125 0.006510416666666667
0 0.024088541666666668 0.904296875 0.01171875 0.016927083333333332
0 0.012369791666666666 0.8548177083333334 0.01171875 0.01171875
0 0.017578125 0.9342447916666666 0.006510416666666667 0.006510416666666667
0 0.9993489583333334 0.8157552083333334 0.0013020833333333333 0.00390625
0 0.02734375 0.8450520833333334 0.013020833333333334 0.013020833333333334
0 0.043619791666666664 0.96875 0.006510416666666667 0.0078125
0 0.03515625 0.5221354166666666 0.0078125 0.010416666666666666
0 0.047526041666666664 0.576171875 0.009114583333333334 0.006510416666666667
0 0.12825520833333334 0.9765625 0.006510416666666667 0.0078125
0 0.05078125 0.947265625 0.0078125 0.006510416666666667
