0 0.5696614583333334 0.48828125 0.032552083333333336 0.052083333333333336
0 0.7942708333333334 0.4322916666666667 0.0625 0.03125
0 0.6653645833333334 0.4583333333333333 0.0625 0.0234375
0 0.4622395833333333 0.466796875 0.03125 0.053385416666666664
0 0.5833333333333334 0.4759114583333333 0.0234375 0.03515625
0 0.4049479166666667 0.5091145833333334 0.10416666666666667 0.028645833333333332
0 0.061848958333333336 0.865234375 0.053385416666666664 0.032552083333333336
0 0.5143229166666666 0.4694010416666667 0.0234375 0.04296875
0 0.5286458333333334 0.4615885416666667 0.018229166666666668 0.037760416666666664
0 0.6087239583333334 0.4830729166666667 0.03515625 0.052083333333333336
0 0.884765625 0.5130208333333334 0.037760416666666664 0.0234375
0 0.5520833333333334 0.4928385416666667 0.028645833333333332 0.048177083333333336
0 0.4811197916666667 0.458984375 0.024739583333333332 0.045572916666666664
0 0.4947916666666667 0.451171875 0.018229166666666668 0.029947916666666668
0 0.6263020833333334 0.4778645833333333 0.03125 0.049479166666666664
