0 0.0078125 0.203125 0.013020833333333334 0.0078125
0 0.369140625 0.677734375 0.006510416666666667 0.006510416666666667
0 0.17903645833333334 0.3196614583333333 0.006510416666666667 0.009114583333333334
0 0.13671875 0.3307291666666667 0.015625 0.015625
0 0.3463541666666667 0.6341145833333334 0.0078125 0.005208333333333333
0 0.19075520833333334 0.4029947916666667 0.01171875 0.009114583333333334
0 0.3645833333333333 0.625 0.010416666666666666 0.005208333333333333
0 0.2805989583333333 0.4765625 0.01171875 0.0078125
0 0.361328125 0.640625 0.006510416666666667 0.005208333333333333
0 0.3821614583333333 0.6634114583333334 0.01171875 0.006510416666666667
0 0.373046875 0.6640625 0.006510416666666667 0.005208333333333333
0 0.9817708333333334 0.650390625 0.005208333333333333 0.009114583333333334
0 0.14192708333333334 0.306640625 0.0078125 0.009114583333333334
