0 0.5013020833333334 0.662109375 0.052083333333333336 0.12109375
0 0.23567708333333334 0.326171875 0.08072916666666667 0.024739583333333332
0 0.12239583333333333 0.9368489583333334 0.018229166666666668 0.01953125
0 0.3352864583333333 0.3248697916666667 0.02734375 0.024739583333333332
0 0.5885416666666666 0.32421875 0.015625 0.0234375
0 0.6354166666666666 0.658203125 0.015625 0.029947916666666668
0 0.09440104166666667 0.8984375 0.024739583333333332 0.015625
0 0.2545572916666667 0.5279947916666666 0.032552083333333336 0.01953125
0 0.16796875 0.15104166666666666 0.09114583333333333 0.041666666666666664
0 0.1796875 0.6842447916666666 0.03125 0.022135416666666668
0 0.2649739583333333 0.53515625 0.02734375 0.020833333333333332
0 0.15885416666666666 0.4934895833333333 0.015625 0.010416666666666666
