0 0.2421875 0.2845052083333333 0.0234375 0.032552083333333336
0 0.2845052083333333 0.318359375 0.037760416666666664 0.029947916666666668
0 0.4967447916666667 0.498046875 0.029947916666666668 0.02734375
0 0.3111979166666667 0.3600260416666667 0.028645833333333332 0.022135416666666668
0 0.234375 0.2708333333333333 0.020833333333333332 0.0390625
0 0.595703125 0.2265625 0.009114583333333334 0.0078125
0 0.20182291666666666 0.2721354166666667 0.018229166666666668 0.028645833333333332
0 0.173828125 0.251953125 0.024739583333333332 0.032552083333333336
0 0.12630208333333334 0.20052083333333334 0.0234375 0.020833333333333332
0 0.12890625 0.18684895833333334 0.0078125 0.006510416666666667
