0 0.986328125 0.4270833333333333 0.01171875 0.013020833333333334
0 0.99609375 0.42578125 0.005208333333333333 0.010416666666666666
0 0.9576822916666666 0.3958333333333333 0.024739583333333332 0.0078125
0 0.5540364583333334 0.18815104166666666 0.01171875 0.006510416666666667
0 0.6861979166666666 0.15364583333333334 0.013020833333333334 0.0078125
0 0.9270833333333334 0.23111979166666666 0.010416666666666666 0.01171875
0 0.3541666666666667 0.251953125 0.013020833333333334 0.006510416666666667
0 0.591796875 0.173828125 0.01171875 0.006510416666666667
0 0.9908854166666666 0.4296875 0.005208333333333333 0.0078125
0 0.9791666666666666 0.423828125 0.0078125 0.01171875
0 0.9596354166666666 0.4029947916666667 0.026041666666666668 0.006510416666666667
