0 0.7486979166666666 0.5032552083333334 0.07291666666666667 0.07682291666666667
0 0.6822916666666666 0.5279947916666666 0.06510416666666667 0.055989583333333336
0 0.5032552083333334 0.18359375 0.016927083333333332 0.033854166666666664
0 0.056640625 0.6022135416666666 0.01171875 0.016927083333333332
0 0.4368489583333333 0.4381510416666667 0.10546875 0.09244791666666667
0 0.69140625 0.5358072916666666 0.07552083333333333 0.06901041666666667
0 0.5403645833333334 0.16666666666666666 0.0234375 0.08333333333333333
0 0.7115885416666666 0.4850260416666667 0.07942708333333333 0.06901041666666667
0 0.5579427083333334 0.16796875 0.022135416666666668 0.08333333333333333
0 0.521484375 0.16796875 0.022135416666666668 0.0859375
