0 0.3203125 0.9915364583333334 0.026041666666666668 0.016927083333333332
0 0.322265625 0.953125 0.02734375 0.026041666666666668
0 0.24544270833333334 0.9303385416666666 0.037760416666666664 0.037760416666666664
0 0.2994791666666667 0.9296875 0.036458333333333336 0.036458333333333336
0 0.2877604166666667 0.900390625 0.0546875 0.040364583333333336
0 0.13216145833333334 0.7923177083333334 0.01953125 0.009114583333333334
0 0.3046875 0.9759114583333334 0.026041666666666668 0.022135416666666668
0 0.12825520833333334 0.7877604166666666 0.01171875 0.005208333333333333
0 0.279296875 0.9583333333333334 0.03515625 0.036458333333333336
0 0.3776041666666667 0.94140625 0.0546875 0.0390625
