0 0.8600260416666666 0.22591145833333334 0.022135416666666668 0.014322916666666666
0 0.8665364583333334 0.283203125 0.01953125 0.014322916666666666
0 0.9069010416666666 0.20768229166666666 0.016927083333333332 0.009114583333333334
0 0.90234375 0.08203125 0.020833333333333332 0.013020833333333334
0 0.8776041666666666 0.14973958333333334 0.015625 0.015625
0 0.8723958333333334 0.119140625 0.018229166666666668 0.01171875
0 0.814453125 0.2936197916666667 0.014322916666666666 0.014322916666666666
0 0.8743489583333334 0.06770833333333333 0.01953125 0.013020833333333334
0 0.794921875 0.2649739583333333 0.01953125 0.01953125
0 0.9147135416666666 0.03125 0.01953125 0.010416666666666666
0 0.85546875 0.018229166666666668 0.020833333333333332 0.018229166666666668
