0 0.5442708333333334 0.8098958333333334 0.0078125 0.0078125
0 0.5885416666666666 0.7135416666666666 0.010416666666666666 0.015625
0 0.568359375 0.7962239583333334 0.006510416666666667 0.006510416666666667
0 0.572265625 0.6966145833333334 0.014322916666666666 0.010416666666666666
0 0.607421875 0.7213541666666666 0.006510416666666667 0.015625
0 0.3938802083333333 0.6790364583333334 0.016927083333333332 0.009114583333333334
0 0.5787760416666666 0.7584635416666666 0.009114583333333334 0.009114583333333334
0 0.576171875 0.7141927083333334 0.006510416666666667 0.006510416666666667
0 0.5247395833333334 0.7467447916666666 0.0078125 0.014322916666666666
0 0.3763020833333333 0.6829427083333334 0.013020833333333334 0.006510416666666667
