0 0.15299479166666666 0.6373697916666666 0.014322916666666666 0.016927083333333332
0 0.2760416666666667 0.57421875 0.015625 0.013020833333333334
0 0.2682291666666667 0.58203125 0.015625 0.013020833333333334
0 0.20703125 0.6549479166666666 0.013020833333333334 0.015625
0 0.2884114583333333 0.5631510416666666 0.014322916666666666 0.014322916666666666
0 0.9993489583333334 0.328125 0.0013020833333333333 0.0078125
0 0.16471354166666666 0.62890625 0.014322916666666666 0.015625
0 0.07291666666666667 0.6178385416666666 0.020833333333333332 0.016927083333333332
0 0.025390625 0.412109375 0.024739583333333332 0.016927083333333332
0 0.12630208333333334 0.3001302083333333 0.0234375 0.01171875
0 0.28125 0.5677083333333334 0.013020833333333334 0.013020833333333334
