0 0.5305989583333334 0.24869791666666666 0.022135416666666668 0.028645833333333332
0 0.3326822916666667 0.22786458333333334 0.01953125 0.013020833333333334
0 0.5455729166666666 0.24869791666666666 0.018229166666666668 0.026041666666666668
0 0.328125 0.23697916666666666 0.013020833333333334 0.0078125
0 0.3424479166666667 0.20377604166666666 0.020833333333333332 0.009114583333333334
0 0.3372395833333333 0.21614583333333334 0.018229166666666668 0.0078125
0 0.3391927083333333 0.20963541666666666 0.016927083333333332 0.005208333333333333
0 0.3268229166666667 0.24348958333333334 0.013020833333333334 0.0078125
0 0.6829427083333334 0.263671875 0.029947916666666668 0.016927083333333332
0 0.3763020833333333 0.2682291666666667 0.018229166666666668 0.015625
0 0.517578125 0.24544270833333334 0.01953125 0.02734375
0 0.4016927083333333 0.2604166666666667 0.016927083333333332 0.010416666666666666
0 0.3971354166666667 0.20703125 0.015625 0.010416666666666666
