0 0.5611979166666666 0.9583333333333334 0.041666666666666664 0.020833333333333332
0 0.14518229166666666 0.6380208333333334 0.11328125 0.08072916666666667
0 0.3313802083333333 0.4140625 0.055989583333333336 0.057291666666666664
0 0.030598958333333332 0.8990885416666666 0.024739583333333332 0.029947916666666668
0 0.08072916666666667 0.9173177083333334 0.052083333333333336 0.016927083333333332
0 0.56640625 0.9876302083333334 0.07552083333333333 0.024739583333333332
0 0.2975260416666667 0.8684895833333334 0.07161458333333333 0.033854166666666664
0 0.08072916666666667 0.9309895833333334 0.057291666666666664 0.018229166666666668
0 0.9440104166666666 0.796875 0.052083333333333336 0.0546875
0 0.5625 0.9720052083333334 0.0703125 0.024739583333333332
0 0.5911458333333334 0.4876302083333333 0.09114583333333333 0.08463541666666667
0 0.3977864583333333 0.5813802083333334 0.08984375 0.037760416666666664
0 0.67578125 0.7864583333333334 0.109375 0.10416666666666667
0 0.15494791666666666 0.6204427083333334 0.0625 0.045572916666666664
