0 0.8990885416666666 0.6276041666666666 0.03515625 0.013020833333333334
0 0.6080729166666666 0.4817708333333333 0.06510416666666667 0.018229166666666668
0 0.6041666666666666 0.5338541666666666 0.0546875 0.018229166666666668
0 0.9264322916666666 0.6608072916666666 0.05078125 0.016927083333333332
0 0.9270833333333334 0.6764322916666666 0.057291666666666664 0.016927083333333332
0 0.916015625 0.6432291666666666 0.061197916666666664 0.020833333333333332
0 0.095703125 0.9140625 0.06901041666666667 0.08854166666666667
0 0.59375 0.5162760416666666 0.06510416666666667 0.016927083333333332
0 0.9427083333333334 0.689453125 0.026041666666666668 0.009114583333333334
0 0.6087239583333334 0.4993489583333333 0.055989583333333336 0.016927083333333332
