0 0.5572916666666666 0.4049479166666667 0.0703125 0.0234375
0 0.14778645833333334 0.4973958333333333 0.04296875 0.015625
0 0.5631510416666666 0.4192708333333333 0.061197916666666664 0.020833333333333332
0 0.6868489583333334 0.061848958333333336 0.061197916666666664 0.022135416666666668
0 0.498046875 0.283203125 0.040364583333333336 0.014322916666666666
0 0.5032552083333334 0.2669270833333333 0.05078125 0.018229166666666668
0 0.845703125 0.3326822916666667 0.053385416666666664 0.016927083333333332
0 0.6829427083333334 0.043619791666666664 0.11328125 0.040364583333333336
0 0.20052083333333334 0.3287760416666667 0.057291666666666664 0.01953125
0 0.8470052083333334 0.3216145833333333 0.045572916666666664 0.013020833333333334
