0 0.71484375 0.93359375 0.013020833333333334 0.013020833333333334
0 0.6477864583333334 0.8274739583333334 0.016927083333333332 0.022135416666666668
0 0.4596354166666667 0.7740885416666666 0.010416666666666666 0.016927083333333332
0 0.6048177083333334 0.8157552083333334 0.016927083333333332 0.01953125
0 0.541015625 0.7506510416666666 0.014322916666666666 0.016927083333333332
0 0.443359375 0.7180989583333334 0.014322916666666666 0.01171875
0 0.70703125 0.943359375 0.010416666666666666 0.009114583333333334
0 0.4596354166666667 0.763671875 0.0078125 0.006510416666666667
0 0.560546875 0.8268229166666666 0.01171875 0.015625
0 0.6875 0.9524739583333334 0.013020833333333334 0.009114583333333334
0 0.5305989583333334 0.8509114583333334 0.01953125 0.01171875
0 0.7018229166666666 0.939453125 0.013020833333333334 0.01171875
0 0.5188802083333334 0.7838541666666666 0.01171875 0.018229166666666668
0 0.3971354166666667 0.732421875 0.0078125 0.01171875
