0 0.4557291666666667 0.333984375 0.0234375 0.040364583333333336
0 0.6536458333333334 0.6666666666666666 0.0703125 0.08854166666666667
0 0.103515625 0.5904947916666666 0.01953125 0.032552083333333336
0 0.8639322916666666 0.2610677083333333 0.016927083333333332 0.040364583333333336
0 0.3860677083333333 0.6751302083333334 0.01953125 0.07421875
0 0.7799479166666666 0.4309895833333333 0.018229166666666668 0.046875
0 0.8717447916666666 0.26953125 0.022135416666666668 0.049479166666666664
0 0.8795572916666666 0.2682291666666667 0.014322916666666666 0.0390625
0 0.197265625 0.3235677083333333 0.014322916666666666 0.05859375
0 0.7890625 0.4375 0.0234375 0.052083333333333336
