0 0.529296875 0.4368489583333333 0.037760416666666664 0.03515625
0 0.697265625 0.3541666666666667 0.014322916666666666 0.015625
0 0.349609375 0.5872395833333334 0.03515625 0.026041666666666668
0 0.384765625 0.5618489583333334 0.05078125 0.045572916666666664
0 0.4244791666666667 0.5234375 0.0234375 0.018229166666666668
0 0.359375 0.5709635416666666 0.026041666666666668 0.01953125
0 0.6028645833333334 0.3932291666666667 0.018229166666666668 0.0234375
0 0.3209635416666667 0.6803385416666666 0.040364583333333336 0.05859375
0 0.3977864583333333 0.5520833333333334 0.05078125 0.044270833333333336
0 0.5924479166666666 0.3971354166666667 0.018229166666666668 0.0234375
0 0.4108072916666667 0.5442708333333334 0.05078125 0.041666666666666664
0 0.2786458333333333 0.7994791666666666 0.010416666666666666 0.015625
0 0.3561197916666667 0.556640625 0.024739583333333332 0.01953125
0 0.337890625 0.6842447916666666 0.029947916666666668 0.048177083333333336
0 0.302734375 0.67578125 0.040364583333333336 0.057291666666666664
