0 0.423828125 0.583984375 0.009114583333333334 0.016927083333333332
0 0.4296875 0.5826822916666666 0.010416666666666666 0.016927083333333332
0 0.2643229166666667 0.8235677083333334 0.013020833333333334 0.01953125
0 0.345703125 0.6608072916666666 0.029947916666666668 0.06640625
0 0.2578125 0.798828125 0.013020833333333334 0.01953125
0 0.2506510416666667 0.8001302083333334 0.014322916666666666 0.022135416666666668
0 0.2708333333333333 0.8177083333333334 0.005208333333333333 0.0078125
0 0.2701822916666667 0.8229166666666666 0.006510416666666667 0.013020833333333334
0 0.3111979166666667 0.7252604166666666 0.028645833333333332 0.049479166666666664
0 0.2565104166666667 0.82421875 0.013020833333333334 0.020833333333333332
0 0.3880208333333333 0.5436197916666666 0.046875 0.09505208333333333
0 0.3704427083333333 0.6555989583333334 0.029947916666666668 0.06640625
