0 0.8404947916666666 0.7493489583333334 0.13932291666666666 0.07421875
0 0.6243489583333334 0.23763020833333334 0.022135416666666668 0.01171875
0 0.7565104166666666 0.13151041666666666 0.03125 0.015625
0 0.22395833333333334 0.15885416666666666 0.044270833333333336 0.015625
0 0.6223958333333334 0.7571614583333334 0.0234375 0.022135416666666668
0 0.6197916666666666 0.494140625 0.057291666666666664 0.029947916666666668
0 0.4654947916666667 0.30859375 0.053385416666666664 0.026041666666666668
0 0.83203125 0.4231770833333333 0.11979166666666667 0.052083333333333336
0 0.5227864583333334 0.7194010416666666 0.10807291666666667 0.04296875
0 0.23893229166666666 0.14127604166666666 0.10546875 0.032552083333333336
0 0.2688802083333333 0.423828125 0.11328125 0.040364583333333336
