0 0.5481770833333334 0.3567708333333333 0.044270833333333336 0.049479166666666664
0 0.5494791666666666 0.12955729166666666 0.049479166666666664 0.037760416666666664
0 0.9459635416666666 0.11848958333333333 0.040364583333333336 0.013020833333333334
0 0.4505208333333333 0.349609375 0.08854166666666667 0.02734375
0 0.3463541666666667 0.4518229166666667 0.046875 0.057291666666666664
0 0.5123697916666666 0.162109375 0.040364583333333336 0.029947916666666668
0 0.505859375 0.17513020833333334 0.045572916666666664 0.03515625
0 0.4283854166666667 0.4010416666666667 0.026041666666666668 0.052083333333333336
0 0.3528645833333333 0.681640625 0.013020833333333334 0.006510416666666667
0 0.4114583333333333 0.3977864583333333 0.026041666666666668 0.053385416666666664
0 0.5403645833333334 0.14453125 0.057291666666666664 0.036458333333333336
