0 0.421875 0.763671875 0.0703125 0.08723958333333333
0 0.12760416666666666 0.736328125 0.078125 0.05859375
0 0.794921875 0.4635416666666667 0.055989583333333336 0.057291666666666664
0 0.8483072916666666 0.876953125 0.032552083333333336 0.07161458333333333
0 0.9993489583333334 0.9811197916666666 0.0013020833333333333 0.037760416666666664
0 0.8001302083333334 0.4973958333333333 0.09244791666666667 0.09635416666666667
0 0.46875 0.5013020833333334 0.09635416666666667 0.08854166666666667
0 0.619140625 0.7897135416666666 0.045572916666666664 0.06380208333333333
0 0.4680989583333333 0.466796875 0.05078125 0.045572916666666664
0 0.6979166666666666 0.9576822916666666 0.044270833333333336 0.053385416666666664
