0 0.912109375 0.5774739583333334 0.01171875 0.014322916666666666
0 0.8795572916666666 0.6165364583333334 0.006510416666666667 0.006510416666666667
0 0.982421875 0.34375 0.01171875 0.013020833333333334
0 0.9850260416666666 0.5983072916666666 0.01171875 0.006510416666666667
0 0.875 0.6139322916666666 0.0026041666666666665 0.00390625
0 0.9830729166666666 0.58984375 0.013020833333333334 0.0078125
0 0.8828125 0.6158854166666666 0.0078125 0.0078125
0 0.9153645833333334 0.5787760416666666 0.005208333333333333 0.009114583333333334
0 0.884765625 0.6184895833333334 0.006510416666666667 0.0078125
0 0.9798177083333334 0.587890625 0.01171875 0.006510416666666667
0 0.9283854166666666 0.5859375 0.013020833333333334 0.0078125
0 0.9856770833333334 0.5924479166666666 0.013020833333333334 0.0078125
0 0.888671875 0.62109375 0.009114583333333334 0.010416666666666666
0 0.8782552083333334 0.6139322916666666 0.009114583333333334 0.009114583333333334
0 0.8743489583333334 0.6100260416666666 0.01171875 0.01171875
