0 0.7389322916666666 0.548828125 0.10546875 0.06380208333333333
0 0.9342447916666666 0.232421875 0.09765625 0.07682291666666667
0 0.3704427083333333 0.3567708333333333 0.07161458333333333 0.044270833333333336
0 0.513671875 0.6067708333333334 0.055989583333333336 0.026041666666666668
0 0.048828125 0.11653645833333333 0.055989583333333336 0.029947916666666668
0 0.5475260416666666 0.8756510416666666 0.19140625 0.09244791666666667
0 0.6848958333333334 0.08203125 0.059895833333333336 0.044270833333333336
0 0.3704427083333333 0.373046875 0.06640625 0.03515625
0 0.19205729166666666 0.4967447916666667 0.08203125 0.048177083333333336
0 0.032552083333333336 0.19661458333333334 0.026041666666666668 0.0234375
