0 0.3723958333333333 0.40625 0.015625 0.0078125
0 0.23567708333333334 0.5208333333333334 0.018229166666666668 0.015625
0 0.2923177083333333 0.455078125 0.014322916666666666 0.009114583333333334
0 0.310546875 0.2688802083333333 0.01171875 0.006510416666666667
0 0.357421875 0.08854166666666667 0.014322916666666666 0.0078125
0 0.291015625 0.3684895833333333 0.01171875 0.010416666666666666
0 0.3704427083333333 0.07161458333333333 0.009114583333333334 0.020833333333333332
0 0.3899739583333333 0.044270833333333336 0.009114583333333334 0.015625
0 0.396484375 0.06770833333333333 0.006510416666666667 0.013020833333333334
0 0.296875 0.3196614583333333 0.015625 0.01171875
0 0.412109375 0.06901041666666667 0.01171875 0.015625
0 0.3046875 0.3157552083333333 0.013020833333333334 0.009114583333333334
0 0.3567708333333333 0.11002604166666667 0.018229166666666668 0.009114583333333334
0 0.3248697916666667 0.205078125 0.016927083333333332 0.01171875
0 0.3020833333333333 0.3873697916666667 0.018229166666666668 0.009114583333333334
