0 0.5703125 0.4244791666666667 0.020833333333333332 0.015625
0 0.5091145833333334 0.419921875 0.018229166666666668 0.014322916666666666
0 0.6653645833333334 0.4173177083333333 0.015625 0.01171875
0 0.36328125 0.3893229166666667 0.020833333333333332 0.020833333333333332
0 0.2532552083333333 0.36328125 0.01953125 0.020833333333333332
0 0.4212239583333333 0.4075520833333333 0.01953125 0.018229166666666668
0 0.732421875 0.4264322916666667 0.022135416666666668 0.022135416666666668
0 0.42578125 0.9485677083333334 0.1640625 0.10286458333333333
0 0.404296875 0.408203125 0.014322916666666666 0.014322916666666666
0 0.5514322916666666 0.4069010416666667 0.014322916666666666 0.014322916666666666
