0 0.07096354166666667 0.408203125 0.014322916666666666 0.014322916666666666
0 0.8229166666666666 0.4212239583333333 0.018229166666666668 0.01953125
0 0.802734375 0.4329427083333333 0.016927083333333332 0.016927083333333332
0 0.787109375 0.439453125 0.016927083333333332 0.01171875
0 0.830078125 0.7213541666666666 0.24088541666666666 0.06510416666666667
0 0.21809895833333334 0.4069010416666667 0.014322916666666666 0.014322916666666666
0 0.33203125 0.4173177083333333 0.015625 0.01171875
0 0.17578125 0.419921875 0.018229166666666668 0.014322916666666666
0 0.3990885416666667 0.4264322916666667 0.022135416666666668 0.022135416666666668
0 0.23697916666666666 0.4244791666666667 0.020833333333333332 0.015625
0 0.84375 0.9720052083333334 0.015625 0.024739583333333332
0 0.09244791666666667 0.9485677083333334 0.1640625 0.10286458333333333
0 0.087890625 0.4075520833333333 0.01953125 0.018229166666666668
0 0.029947916666666668 0.3893229166666667 0.020833333333333332 0.020833333333333332
