0 0.34765625 0.20703125 0.0078125 0.010416666666666666
0 0.3567708333333333 0.2109375 0.0078125 0.010416666666666666
0 0.3404947916666667 0.24934895833333334 0.014322916666666666 0.014322916666666666
0 0.2584635416666667 0.13802083333333334 0.01171875 0.013020833333333334
0 0.1953125 0.16861979166666666 0.0078125 0.009114583333333334
0 0.3170572916666667 0.21158854166666666 0.01171875 0.01171875
0 0.2701822916666667 0.3151041666666667 0.016927083333333332 0.015625
0 0.3704427083333333 0.21028645833333334 0.01171875 0.01171875
0 0.3333333333333333 0.20768229166666666 0.010416666666666666 0.016927083333333332
0 0.173828125 0.15169270833333334 0.016927083333333332 0.01171875
0 0.3522135416666667 0.23958333333333334 0.014322916666666666 0.015625
0 0.251953125 0.2923177083333333 0.00390625 0.009114583333333334
0 0.2578125 0.16276041666666666 0.015625 0.015625
