0 0.7063802083333334 0.6640625 0.006510416666666667 0.005208333333333333
0 0.6946614583333334 0.640625 0.006510416666666667 0.005208333333333333
0 0.6139322916666666 0.4765625 0.01171875 0.0078125
0 0.7154947916666666 0.6634114583333334 0.01171875 0.006510416666666667
0 0.4752604166666667 0.306640625 0.0078125 0.009114583333333334
0 0.5123697916666666 0.3196614583333333 0.006510416666666667 0.009114583333333334
0 0.3411458333333333 0.203125 0.013020833333333334 0.0078125
0 0.7024739583333334 0.677734375 0.006510416666666667 0.006510416666666667
0 0.6796875 0.6341145833333334 0.0078125 0.005208333333333333
0 0.470703125 0.3307291666666667 0.016927083333333332 0.015625
0 0.25390625 0.41015625 0.013020833333333334 0.013020833333333334
0 0.6979166666666666 0.625 0.010416666666666666 0.005208333333333333
0 0.23111979166666666 0.8626302083333334 0.009114583333333334 0.024739583333333332
0 0.5240885416666666 0.4029947916666667 0.01171875 0.009114583333333334
