0 0.9296875 0.4713541666666667 0.015625 0.015625
0 0.9459635416666666 0.5416666666666666 0.014322916666666666 0.020833333333333332
0 0.96875 0.12239583333333333 0.013020833333333334 0.018229166666666668
0 0.9791666666666666 0.111328125 0.010416666666666666 0.016927083333333332
0 0.9498697916666666 0.060546875 0.01953125 0.022135416666666668
0 0.8697916666666666 0.765625 0.018229166666666668 0.0234375
0 0.8893229166666666 0.888671875 0.018229166666666668 0.022135416666666668
0 0.8671875 0.685546875 0.0234375 0.022135416666666668
0 0.935546875 0.4251302083333333 0.016927083333333332 0.016927083333333332
0 0.91015625 0.57421875 0.0078125 0.018229166666666668
0 0.9264322916666666 0.783203125 0.022135416666666668 0.022135416666666668
0 0.876953125 0.8444010416666666 0.016927083333333332 0.016927083333333332
