0 0.044921875 0.5865885416666666 0.03515625 0.01953125
0 0.4895833333333333 0.3079427083333333 0.078125 0.037760416666666664
0 0.4791666666666667 0.2981770833333333 0.046875 0.0234375
0 0.16861979166666666 0.3040364583333333 0.06380208333333333 0.032552083333333336
0 0.28515625 0.1171875 0.044270833333333336 0.018229166666666668
0 0.2858072916666667 0.10286458333333333 0.08463541666666667 0.033854166666666664
0 0.2923177083333333 0.125 0.032552083333333336 0.015625
0 0.7018229166666666 0.057291666666666664 0.0546875 0.0234375
0 0.4973958333333333 0.3190104166666667 0.036458333333333336 0.015625
0 0.2936197916666667 0.080078125 0.03515625 0.016927083333333332
0 0.2903645833333333 0.08984375 0.044270833333333336 0.013020833333333334
