0 0.16666666666666666 0.83203125 0.0390625 0.044270833333333336
0 0.2421875 0.93359375 0.0390625 0.041666666666666664
0 0.23828125 0.4114583333333333 0.018229166666666668 0.036458333333333336
0 0.13346354166666666 0.7903645833333334 0.03515625 0.036458333333333336
0 0.21809895833333334 0.9016927083333334 0.03515625 0.037760416666666664
0 0.173828125 0.3509114583333333 0.17057291666666666 0.03515625
0 0.193359375 0.8684895833333334 0.032552083333333336 0.036458333333333336
0 0.349609375 0.9401041666666666 0.13932291666666666 0.07291666666666667
0 0.12044270833333333 0.7578125 0.01953125 0.03125
0 0.22591145833333334 0.48046875 0.016927083333333332 0.026041666666666668
0 0.5944010416666666 0.8463541666666666 0.09765625 0.057291666666666664
0 0.23307291666666666 0.4485677083333333 0.018229166666666668 0.037760416666666664
