0 0.548828125 0.27734375 0.022135416666666668 0.020833333333333332
0 0.5755208333333334 0.033854166666666664 0.020833333333333332 0.013020833333333334
0 0.599609375 0.263671875 0.022135416666666668 0.01953125
0 0.7552083333333334 0.55859375 0.010416666666666666 0.010416666666666666
0 0.501953125 0.4427083333333333 0.037760416666666664 0.020833333333333332
0 0.359375 0.4557291666666667 0.0234375 0.015625
0 0.4427083333333333 0.3567708333333333 0.020833333333333332 0.015625
0 0.6920572916666666 0.255859375 0.016927083333333332 0.01171875
0 0.8391927083333334 0.16276041666666666 0.022135416666666668 0.010416666666666666
0 0.826171875 0.177734375 0.01171875 0.024739583333333332
0 0.6048177083333334 0.31640625 0.01953125 0.015625
