0 0.3587239583333333 0.7454427083333334 0.024739583333333332 0.016927083333333332
0 0.3717447916666667 0.24153645833333334 0.06640625 0.05078125
0 0.6015625 0.9153645833333334 0.015625 0.013020833333333334
0 0.361328125 0.24934895833333334 0.014322916666666666 0.01171875
0 0.609375 0.9075520833333334 0.015625 0.013020833333333334
0 0.6145833333333334 0.9010416666666666 0.013020833333333334 0.013020833333333334
0 0.33984375 0.6634114583333334 0.020833333333333332 0.01171875
0 0.4596354166666667 0.6334635416666666 0.0234375 0.01171875
0 0.5403645833333334 0.98828125 0.013020833333333334 0.015625
0 0.6217447916666666 0.896484375 0.014322916666666666 0.014322916666666666
0 0.486328125 0.970703125 0.014322916666666666 0.016927083333333332
0 0.40625 0.951171875 0.020833333333333332 0.016927083333333332
0 0.498046875 0.9622395833333334 0.014322916666666666 0.015625
