0 0.55859375 0.732421875 0.044270833333333336 0.032552083333333336
0 0.111328125 0.720703125 0.037760416666666664 0.045572916666666664
0 0.767578125 0.19921875 0.045572916666666664 0.026041666666666668
0 0.6451822916666666 0.9095052083333334 0.048177083333333336 0.048177083333333336
0 0.19986979166666666 0.8196614583333334 0.024739583333333332 0.032552083333333336
0 0.728515625 0.59375 0.04296875 0.0390625
0 0.20833333333333334 0.8307291666666666 0.07291666666666667 0.09375
0 0.3528645833333333 0.6080729166666666 0.06510416666666667 0.08333333333333333
0 0.09765625 0.4029947916666667 0.07291666666666667 0.06901041666666667
0 0.6438802083333334 0.4641927083333333 0.055989583333333336 0.061197916666666664
0 0.6783854166666666 0.07747395833333333 0.020833333333333332 0.022135416666666668
0 0.8763020833333334 0.6764322916666666 0.033854166666666664 0.037760416666666664
0 0.8385416666666666 0.3190104166666667 0.041666666666666664 0.049479166666666664
0 0.8671875 0.6712239583333334 0.033854166666666664 0.037760416666666664
