0 0.453125 0.978515625 0.0026041666666666665 0.00390625
0 0.4453125 0.9934895833333334 0.0078125 0.010416666666666666
0 0.447265625 0.9720052083333334 0.014322916666666666 0.009114583333333334
0 0.44921875 0.9694010416666666 0.013020833333333334 0.006510416666666667
0 0.9993489583333334 0.8821614583333334 0.0013020833333333333 0.05859375
0 0.861328125 0.3248697916666667 0.009114583333333334 0.009114583333333334
0 0.47265625 0.947265625 0.010416666666666666 0.009114583333333334
0 0.6783854166666666 0.029947916666666668 0.013020833333333334 0.0078125
0 0.451171875 0.9654947916666666 0.014322916666666666 0.009114583333333334
0 0.4446614583333333 0.9798177083333334 0.01171875 0.006510416666666667
