0 0.5670572916666666 0.4583333333333333 0.016927083333333332 0.018229166666666668
0 0.6022135416666666 0.4381510416666667 0.022135416666666668 0.014322916666666666
0 0.431640625 0.4993489583333333 0.016927083333333332 0.014322916666666666
0 0.8834635416666666 0.4244791666666667 0.016927083333333332 0.018229166666666668
0 0.24088541666666666 0.6178385416666666 0.013020833333333334 0.014322916666666666
0 0.541015625 0.4609375 0.016927083333333332 0.018229166666666668
0 0.4563802083333333 0.4837239583333333 0.016927083333333332 0.014322916666666666
0 0.5227864583333334 0.45703125 0.014322916666666666 0.015625
0 0.6256510416666666 0.4453125 0.016927083333333332 0.018229166666666668
0 0.251953125 0.619140625 0.009114583333333334 0.01171875
0 0.07552083333333333 0.7076822916666666 0.0234375 0.01953125
0 0.5540364583333334 0.4557291666666667 0.01171875 0.018229166666666668
0 0.4270833333333333 0.5045572916666666 0.013020833333333334 0.009114583333333334
0 0.08528645833333333 0.703125 0.02734375 0.0234375
