0 0.010416666666666666 0.720703125 0.010416666666666666 0.022135416666666668
0 0.3190104166666667 0.34765625 0.0390625 0.057291666666666664
0 0.6106770833333334 0.057942708333333336 0.015625 0.016927083333333332
0 0.3567708333333333 0.22200520833333334 0.020833333333333332 0.016927083333333332
0 0.302734375 0.3444010416666667 0.037760416666666664 0.055989583333333336
0 0.4329427083333333 0.18815104166666666 0.01953125 0.016927083333333332
0 0.3502604166666667 0.2532552083333333 0.03125 0.01953125
0 0.4108072916666667 0.21158854166666666 0.048177083333333336 0.040364583333333336
0 0.3984375 0.21875 0.046875 0.041666666666666664
0 0.3834635416666667 0.22721354166666666 0.05078125 0.040364583333333336
0 0.5319010416666666 0.10286458333333333 0.03515625 0.036458333333333336
0 0.357421875 0.236328125 0.02734375 0.01953125
