0 0.533203125 0.12239583333333333 0.08203125 0.057291666666666664
0 0.90625 0.3522135416666667 0.0625 0.037760416666666664
0 0.513671875 0.12955729166666666 0.055989583333333336 0.037760416666666664
0 0.3229166666666667 0.5904947916666666 0.057291666666666664 0.045572916666666664
0 0.9244791666666666 0.3248697916666667 0.059895833333333336 0.037760416666666664
0 0.9231770833333334 0.3424479166666667 0.10416666666666667 0.0625
0 0.162109375 0.4752604166666667 0.022135416666666668 0.020833333333333332
0 0.505859375 0.13802083333333334 0.048177083333333336 0.028645833333333332
0 0.171875 0.4694010416666667 0.0390625 0.03515625
0 0.4615885416666667 0.4967447916666667 0.05859375 0.045572916666666664
