0 0.8639322916666666 0.517578125 0.01953125 0.01171875
0 0.8522135416666666 0.4505208333333333 0.01171875 0.018229166666666668
0 0.8743489583333334 0.4173177083333333 0.014322916666666666 0.016927083333333332
0 0.73046875 0.3990885416666667 0.0078125 0.01171875
0 0.79296875 0.4303385416666667 0.0078125 0.006510416666666667
0 0.3072916666666667 0.5533854166666666 0.010416666666666666 0.018229166666666668
0 0.4615885416666667 0.826171875 0.014322916666666666 0.014322916666666666
0 0.9381510416666666 0.482421875 0.016927083333333332 0.01953125
0 0.8938802083333334 0.4934895833333333 0.01171875 0.015625
0 0.57421875 0.740234375 0.010416666666666666 0.032552083333333336
0 0.7766927083333334 0.384765625 0.014322916666666666 0.01171875
0 0.79296875 0.4407552083333333 0.010416666666666666 0.016927083333333332
0 0.9811197916666666 0.494140625 0.016927083333333332 0.022135416666666668
