0 0.19401041666666666 0.22981770833333334 0.044270833333333336 0.05078125
0 0.6354166666666666 0.2955729166666667 0.046875 0.03125
0 0.6458333333333334 0.2708333333333333 0.0546875 0.036458333333333336
0 0.20182291666666666 0.21744791666666666 0.041666666666666664 0.049479166666666664
0 0.23763020833333334 0.21744791666666666 0.03515625 0.052083333333333336
0 0.6569010416666666 0.23111979166666666 0.05078125 0.040364583333333336
0 0.642578125 0.2526041666666667 0.048177083333333336 0.036458333333333336
0 0.18424479166666666 0.24544270833333334 0.045572916666666664 0.048177083333333336
0 0.6510416666666666 0.24348958333333334 0.0546875 0.041666666666666664
0 0.212890625 0.208984375 0.040364583333333336 0.05078125
0 0.6393229166666666 0.2825520833333333 0.049479166666666664 0.03125
