0 0.7194010416666666 0.9654947916666666 0.01953125 0.01953125
0 0.14908854166666666 0.4147135416666667 0.02734375 0.016927083333333332
0 0.7786458333333334 0.091796875 0.010416666666666666 0.01171875
0 0.8079427083333334 0.24479166666666666 0.016927083333333332 0.013020833333333334
0 0.830078125 0.447265625 0.022135416666666668 0.01953125
0 0.09765625 0.4348958333333333 0.049479166666666664 0.026041666666666668
0 0.763671875 0.9303385416666666 0.014322916666666666 0.016927083333333332
0 0.059244791666666664 0.455078125 0.016927083333333332 0.009114583333333334
0 0.035807291666666664 0.4557291666666667 0.055989583333333336 0.03125
0 0.068359375 0.4407552083333333 0.01171875 0.009114583333333334
