0 0.9095052083333334 0.380859375 0.006510416666666667 0.006510416666666667
0 0.9016927083333334 0.462890625 0.006510416666666667 0.006510416666666667
0 0.921875 0.3802083333333333 0.010416666666666666 0.015625
0 0.9407552083333334 0.3880208333333333 0.006510416666666667 0.015625
0 0.9055989583333334 0.36328125 0.014322916666666666 0.010416666666666666
0 0.8776041666666666 0.4765625 0.0078125 0.0078125
0 0.912109375 0.4251302083333333 0.009114583333333334 0.009114583333333334
0 0.7272135416666666 0.345703125 0.016927083333333332 0.009114583333333334
0 0.7096354166666666 0.349609375 0.013020833333333334 0.006510416666666667
0 0.8580729166666666 0.4134114583333333 0.0078125 0.014322916666666666
