0 0.22526041666666666 0.5279947916666666 0.020833333333333332 0.014322916666666666
0 0.19791666666666666 0.50390625 0.020833333333333332 0.015625
0 0.19466145833333334 0.5169270833333334 0.040364583333333336 0.036458333333333336
0 0.8463541666666666 0.15169270833333334 0.033854166666666664 0.03515625
0 0.2884114583333333 0.4505208333333333 0.02734375 0.06510416666666667
0 0.0234375 0.8736979166666666 0.015625 0.0234375
0 0.3131510416666667 0.4498697916666667 0.024739583333333332 0.05859375
0 0.3287760416666667 0.4342447916666667 0.009114583333333334 0.022135416666666668
0 0.8893229166666666 0.18684895833333334 0.041666666666666664 0.037760416666666664
0 0.861328125 0.9609375 0.14713541666666666 0.028645833333333332
0 0.061197916666666664 0.44921875 0.020833333333333332 0.013020833333333334
0 0.8098958333333334 0.11783854166666667 0.036458333333333336 0.03515625
