0 0.6549479166666666 0.11328125 0.033854166666666664 0.08072916666666667
0 0.4401041666666667 0.15299479166666666 0.0390625 0.09505208333333333
0 0.2578125 0.033203125 0.015625 0.032552083333333336
0 0.173828125 0.054036458333333336 0.022135416666666668 0.02734375
0 0.80078125 0.6432291666666666 0.018229166666666668 0.015625
0 0.197265625 0.07552083333333333 0.032552083333333336 0.09114583333333333
0 0.541015625 0.115234375 0.037760416666666664 0.09765625
0 0.23893229166666666 0.052734375 0.037760416666666664 0.10546875
0 0.3658854166666667 0.4563802083333333 0.018229166666666668 0.016927083333333332
0 0.2604166666666667 0.059895833333333336 0.015625 0.03125
0 0.17447916666666666 0.07552083333333333 0.0234375 0.03125
