0 0.818359375 0.3014322916666667 0.014322916666666666 0.022135416666666668
0 0.4134114583333333 0.12565104166666666 0.0013020833333333333 0.0013020833333333333
0 0.4192708333333333 0.2747395833333333 0.0234375 0.020833333333333332
0 0.7838541666666666 0.134765625 0.015625 0.014322916666666666
0 0.6725260416666666 0.4466145833333333 0.006510416666666667 0.010416666666666666
0 0.5071614583333334 0.228515625 0.02734375 0.022135416666666668
0 0.669921875 0.455078125 0.0013020833333333333 0.0013020833333333333
0 0.6686197916666666 0.2805989583333333 0.0013020833333333333 0.0013020833333333333
0 0.4173177083333333 0.12174479166666667 0.0013020833333333333 0.0013020833333333333
0 0.6653645833333334 0.2838541666666667 0.0078125 0.005208333333333333
0 0.2766927083333333 0.3385416666666667 0.01171875 0.015625
