0 0.935546875 0.7571614583333334 0.11328125 0.040364583333333336
0 0.9055989583333334 0.474609375 0.10546875 0.032552083333333336
0 0.2109375 0.591796875 0.08072916666666667 0.024739583333333332
0 0.2955729166666667 0.8776041666666666 0.1171875 0.044270833333333336
0 0.15364583333333334 0.3899739583333333 0.10677083333333333 0.048177083333333336
0 0.5735677083333334 0.92578125 0.08984375 0.052083333333333336
0 0.2916666666666667 0.158203125 0.052083333333333336 0.024739583333333332
0 0.890625 0.4921875 0.044270833333333336 0.015625
0 0.06640625 0.947265625 0.10416666666666667 0.045572916666666664
0 0.4231770833333333 0.59765625 0.1015625 0.03125
0 0.5358072916666666 0.220703125 0.08203125 0.02734375
0 0.9993489583333334 0.4563802083333333 0.0013020833333333333 0.022135416666666668
0 0.80859375 0.24153645833333334 0.0859375 0.02734375
0 0.0859375 0.671875 0.09375 0.0390625
0 0.8880208333333334 0.013671875 0.10416666666666667 0.02734375
