0 0.4173177083333333 0.18359375 0.016927083333333332 0.0078125
0 0.666015625 0.767578125 0.01171875 0.006510416666666667
0 0.5462239583333334 0.20247395833333334 0.024739583333333332 0.009114583333333334
0 0.31640625 0.4733072916666667 0.11458333333333333 0.16536458333333334
0 0.4772135416666667 0.169921875 0.22265625 0.07161458333333333
0 0.25390625 0.970703125 0.010416666666666666 0.016927083333333332
0 0.6803385416666666 0.7578125 0.10026041666666667 0.041666666666666664
0 0.7057291666666666 0.7122395833333334 0.028645833333333332 0.015625
0 0.7513020833333334 0.7473958333333334 0.2109375 0.0859375
0 0.4296875 0.134765625 0.08854166666666667 0.029947916666666668
