0 0.5852864583333334 0.8391927083333334 0.014322916666666666 0.014322916666666666
0 0.66015625 0.7278645833333334 0.026041666666666668 0.026041666666666668
0 0.5872395833333334 0.86328125 0.0078125 0.0078125
0 0.6790364583333334 0.912109375 0.01171875 0.01171875
0 0.578125 0.8606770833333334 0.013020833333333334 0.013020833333333334
0 0.5989583333333334 0.8515625 0.010416666666666666 0.010416666666666666
0 0.6009114583333334 0.841796875 0.006510416666666667 0.006510416666666667
0 0.6686197916666666 0.96875 0.01171875 0.010416666666666666
0 0.6145833333333334 0.8372395833333334 0.013020833333333334 0.013020833333333334
0 0.572265625 0.845703125 0.01171875 0.01171875
0 0.6868489583333334 0.9791666666666666 0.009114583333333334 0.0078125
0 0.595703125 0.8287760416666666 0.006510416666666667 0.006510416666666667
0 0.6959635416666666 0.9973958333333334 0.006510416666666667 0.005208333333333333
