0 0.26171875 0.375 0.036458333333333336 0.078125
0 0.54296875 0.455078125 0.0390625 0.07942708333333333
0 0.439453125 0.45703125 0.03515625 0.09895833333333333
0 0.6048177083333334 0.4381510416666667 0.037760416666666664 0.09505208333333333
0 0.501953125 0.4635416666666667 0.024739583333333332 0.07552083333333333
0 0.9993489583333334 0.16927083333333334 0.0013020833333333333 0.0078125
0 0.197265625 0.3854166666666667 0.037760416666666664 0.0859375
0 0.6920572916666666 0.4498697916666667 0.037760416666666664 0.09505208333333333
0 0.6653645833333334 0.4518229166666667 0.0390625 0.09895833333333333
0 0.24088541666666666 0.3776041666666667 0.0390625 0.0859375
