0 0.9388020833333334 0.5279947916666666 0.020833333333333332 0.009114583333333334
0 0.986328125 0.6640625 0.024739583333333332 0.020833333333333332
0 0.9537760416666666 0.58203125 0.03515625 0.015625
0 0.9700520833333334 0.6204427083333334 0.041666666666666664 0.022135416666666668
0 0.970703125 0.6002604166666666 0.05078125 0.020833333333333332
0 0.9798177083333334 0.6282552083333334 0.029947916666666668 0.014322916666666666
0 0.9876302083333334 0.6497395833333334 0.022135416666666668 0.020833333333333332
0 0.94921875 0.5709635416666666 0.036458333333333336 0.016927083333333332
0 0.9375 0.53515625 0.033854166666666664 0.015625
0 0.9401041666666666 0.5475260416666666 0.020833333333333332 0.01171875
0 0.9615885416666666 0.609375 0.032552083333333336 0.013020833333333334
0 0.9563802083333334 0.5891927083333334 0.032552083333333336 0.014322916666666666
0 0.9778645833333334 0.6484375 0.033854166666666664 0.026041666666666668
0 0.9466145833333334 0.5078125 0.005208333333333333 0.013020833333333334
