0 0.3346354166666667 0.533203125 0.052083333333333336 0.10026041666666667
0 0.4329427083333333 0.24674479166666666 0.02734375 0.01171875
0 0.4368489583333333 0.255859375 0.024739583333333332 0.014322916666666666
0 0.9615885416666666 0.21940104166666666 0.061197916666666664 0.032552083333333336
0 0.8997395833333334 0.5416666666666666 0.07291666666666667 0.046875
0 0.4231770833333333 0.220703125 0.03125 0.022135416666666668
0 0.7265625 0.138671875 0.026041666666666668 0.01171875
0 0.6458333333333334 0.4837239583333333 0.049479166666666664 0.04296875
0 0.7220052083333334 0.12760416666666666 0.02734375 0.013020833333333334
0 0.42578125 0.22916666666666666 0.026041666666666668 0.015625
0 0.4296875 0.23567708333333334 0.028645833333333332 0.018229166666666668
0 0.21549479166666666 0.751953125 0.09505208333333333 0.07421875
