0 0.3567708333333333 0.7766927083333334 0.018229166666666668 0.009114583333333334
0 0.3899739583333333 0.7109375 0.009114583333333334 0.015625
0 0.396484375 0.734375 0.006510416666666667 0.013020833333333334
0 0.296875 0.986328125 0.015625 0.01171875
0 0.3704427083333333 0.73828125 0.009114583333333334 0.020833333333333332
0 0.357421875 0.7552083333333334 0.014322916666666666 0.0078125
0 0.3235677083333333 0.5989583333333334 0.022135416666666668 0.013020833333333334
0 0.3059895833333333 0.5377604166666666 0.010416666666666666 0.015625
0 0.3248697916666667 0.8717447916666666 0.016927083333333332 0.01171875
0 0.115234375 0.10286458333333333 0.014322916666666666 0.013020833333333334
0 0.412109375 0.7356770833333334 0.01171875 0.015625
0 0.310546875 0.935546875 0.01171875 0.006510416666666667
0 0.3046875 0.982421875 0.013020833333333334 0.009114583333333334
