0 0.19921875 0.849609375 0.0078125 0.006510416666666667
0 0.12565104166666666 0.892578125 0.01171875 0.01171875
0 0.12239583333333333 0.9055989583333334 0.005208333333333333 0.01171875
0 0.10807291666666667 0.9290364583333334 0.013020833333333334 0.006510416666666667
0 0.19205729166666666 0.8561197916666666 0.006510416666666667 0.006510416666666667
0 0.2708333333333333 0.7428385416666666 0.0078125 0.009114583333333334
0 0.14322916666666666 0.890625 0.010416666666666666 0.010416666666666666
0 0.13541666666666666 0.85546875 0.010416666666666666 0.010416666666666666
0 0.19401041666666666 0.8470052083333334 0.005208333333333333 0.006510416666666667
0 0.21028645833333334 0.8385416666666666 0.00390625 0.005208333333333333
0 0.11653645833333333 0.8899739583333334 0.009114583333333334 0.01171875
0 0.109375 0.8763020833333334 0.013020833333333334 0.005208333333333333
0 0.16015625 0.89453125 0.010416666666666666 0.013020833333333334
0 0.16341145833333334 0.8313802083333334 0.01171875 0.016927083333333332
0 0.1328125 0.91015625 0.0078125 0.013020833333333334
