0 0.6536458333333334 0.7962239583333334 0.015625 0.009114583333333334
0 0.572265625 0.9563802083333334 0.022135416666666668 0.016927083333333332
0 0.7194010416666666 0.2897135416666667 0.02734375 0.024739583333333332
0 0.56640625 0.7584635416666666 0.0234375 0.029947916666666668
0 0.7194010416666666 0.4225260416666667 0.032552083333333336 0.024739583333333332
0 0.720703125 0.3561197916666667 0.02734375 0.022135416666666668
0 0.7604166666666666 0.39453125 0.028645833333333332 0.020833333333333332
0 0.5859375 0.8984375 0.020833333333333332 0.015625
0 0.576171875 0.9895833333333334 0.01953125 0.010416666666666666
0 0.7311197916666666 0.509765625 0.014322916666666666 0.014322916666666666
0 0.7779947916666666 0.2552083333333333 0.024739583333333332 0.020833333333333332
0 0.12955729166666666 0.23958333333333334 0.014322916666666666 0.015625
0 0.615234375 0.8756510416666666 0.022135416666666668 0.014322916666666666
0 0.5618489583333334 0.9375 0.016927083333333332 0.015625
0 0.6165364583333334 0.6438802083333334 0.01171875 0.01953125
