0 0.9264322916666666 0.16145833333333334 0.009114583333333334 0.0078125
0 0.9440104166666666 0.7610677083333334 0.010416666666666666 0.009114583333333334
0 0.9375 0.091796875 0.010416666666666666 0.006510416666666667
0 0.849609375 0.197265625 0.00390625 0.006510416666666667
0 0.9368489583333334 0.7591145833333334 0.009114583333333334 0.0078125
0 0.8658854166666666 0.20052083333333334 0.010416666666666666 0.005208333333333333
0 0.8658854166666666 0.5638020833333334 0.010416666666666666 0.0078125
0 0.9095052083333334 0.099609375 0.01171875 0.01171875
0 0.8815104166666666 0.5670572916666666 0.010416666666666666 0.009114583333333334
0 0.8880208333333334 0.5846354166666666 0.010416666666666666 0.005208333333333333
0 0.8990885416666666 0.65234375 0.014322916666666666 0.010416666666666666
