0 0.7213541666666666 0.8782552083333334 0.09635416666666667 0.03515625
0 0.9036458333333334 0.9856770833333334 0.08072916666666667 0.028645833333333332
0 0.17447916666666666 0.677734375 0.057291666666666664 0.01953125
0 0.3990885416666667 0.591796875 0.055989583333333336 0.01953125
0 0.4830729166666667 0.3658854166666667 0.09895833333333333 0.028645833333333332
0 0.4947916666666667 0.7493489583333334 0.0703125 0.022135416666666668
0 0.24283854166666666 0.41796875 0.048177083333333336 0.0234375
0 0.057942708333333336 0.5247395833333334 0.11067708333333333 0.028645833333333332
0 0.76953125 0.4075520833333333 0.078125 0.0234375
0 0.3639322916666667 0.31640625 0.022135416666666668 0.013020833333333334
0 0.23958333333333334 0.22330729166666666 0.1015625 0.032552083333333336
0 0.3912760416666667 0.9915364583333334 0.04296875 0.016927083333333332
0 0.216796875 0.87109375 0.09505208333333333 0.03125
0 0.5559895833333334 0.58984375 0.10416666666666667 0.033854166666666664
0 0.904296875 0.68359375 0.10026041666666667 0.0234375
