0 0.6595052083333334 0.6393229166666666 0.06901041666666667 0.044270833333333336
0 0.8020833333333334 0.880859375 0.09895833333333333 0.06901041666666667
0 0.345703125 0.666015625 0.061197916666666664 0.03515625
0 0.15690104166666666 0.521484375 0.09765625 0.061197916666666664
0 0.7513020833333334 0.2109375 0.06510416666666667 0.0390625
0 0.44140625 0.4205729166666667 0.09375 0.052083333333333336
0 0.8489583333333334 0.020182291666666668 0.06770833333333333 0.037760416666666664
0 0.4778645833333333 0.8444010416666666 0.08854166666666667 0.05859375
0 0.7369791666666666 0.40625 0.049479166666666664 0.03125
0 0.9602864583333334 0.2552083333333333 0.07682291666666667 0.041666666666666664
0 0.6595052083333334 0.6263020833333334 0.03515625 0.0234375
0 0.173828125 0.9466145833333334 0.10026041666666667 0.06510416666666667
0 0.08138020833333333 0.26953125 0.07942708333333333 0.028645833333333332
