0 0.4290364583333333 0.8333333333333334 0.029947916666666668 0.0078125
0 0.3951822916666667 0.74609375 0.13151041666666666 0.036458333333333336
0 0.5266927083333334 0.8346354166666666 0.01953125 0.005208333333333333
0 0.5266927083333334 0.83984375 0.022135416666666668 0.005208333333333333
0 0.4778645833333333 0.8372395833333334 0.033854166666666664 0.0078125
0 0.37109375 0.8307291666666666 0.044270833333333336 0.010416666666666666
0 0.5423177083333334 0.7936197916666666 0.029947916666666668 0.01171875
0 0.4322916666666667 0.828125 0.020833333333333332 0.005208333333333333
0 0.15690104166666666 0.8196614583333334 0.08203125 0.014322916666666666
0 0.5501302083333334 0.828125 0.01171875 0.018229166666666668
