0 0.4583333333333333 0.8684895833333334 0.0234375 0.0234375
0 0.884765625 0.6516927083333334 0.022135416666666668 0.06380208333333333
0 0.267578125 0.7317708333333334 0.014322916666666666 0.013020833333333334
0 0.6087239583333334 0.5755208333333334 0.024739583333333332 0.046875
0 0.5735677083333334 0.953125 0.024739583333333332 0.033854166666666664
0 0.6575520833333334 0.3606770833333333 0.09114583333333333 0.09895833333333333
0 0.53515625 0.9407552083333334 0.026041666666666668 0.037760416666666664
0 0.265625 0.751953125 0.015625 0.016927083333333332
0 0.4557291666666667 0.7565104166666666 0.026041666666666668 0.03125
0 0.564453125 0.9440104166666666 0.01953125 0.036458333333333336
0 0.505859375 0.9205729166666666 0.029947916666666668 0.036458333333333336
0 0.615234375 0.9856770833333334 0.029947916666666668 0.026041666666666668
0 0.4674479166666667 0.7610677083333334 0.0234375 0.029947916666666668
