0 0.6783854166666666 0.054036458333333336 0.013020833333333334 0.022135416666666668
0 0.623046875 0.072265625 0.022135416666666668 0.024739583333333332
0 0.291015625 0.111328125 0.014322916666666666 0.016927083333333332
0 0.53515625 0.07747395833333333 0.010416666666666666 0.014322916666666666
0 0.232421875 0.125 0.014322916666666666 0.018229166666666668
0 0.220703125 0.123046875 0.009114583333333334 0.014322916666666666
0 0.5592447916666666 0.08984375 0.014322916666666666 0.018229166666666668
0 0.12239583333333333 0.150390625 0.018229166666666668 0.01171875
0 0.189453125 0.123046875 0.01171875 0.014322916666666666
0 0.20703125 0.12890625 0.013020833333333334 0.015625
0 0.5911458333333334 0.076171875 0.013020833333333334 0.022135416666666668
0 0.2701822916666667 0.10546875 0.01953125 0.013020833333333334
0 0.380859375 0.10091145833333333 0.024739583333333332 0.032552083333333336
