0 0.345703125 0.806640625 0.03515625 0.037760416666666664
0 0.353515625 0.7486979166666666 0.02734375 0.028645833333333332
0 0.3619791666666667 0.3600260416666667 0.0234375 0.055989583333333336
0 0.3743489583333333 0.3606770833333333 0.01953125 0.052083333333333336
0 0.8326822916666666 0.908203125 0.02734375 0.061197916666666664
0 0.6484375 0.861328125 0.026041666666666668 0.07161458333333333
0 0.634765625 0.8665364583333334 0.024739583333333332 0.055989583333333336
0 0.3626302083333333 0.7786458333333334 0.07942708333333333 0.08333333333333333
0 0.08138020833333333 0.9108072916666666 0.016927083333333332 0.06380208333333333
0 0.35546875 0.7975260416666666 0.057291666666666664 0.05859375
0 0.078125 0.7942708333333334 0.041666666666666664 0.08333333333333333
0 0.06510416666666667 0.802734375 0.033854166666666664 0.06901041666666667
0 0.6575520833333334 0.8483072916666666 0.013020833333333334 0.024739583333333332
