0 0.79296875 0.7740885416666666 0.010416666666666666 0.016927083333333332
0 0.9381510416666666 0.8157552083333334 0.016927083333333332 0.01953125
0 0.79296875 0.763671875 0.0078125 0.006510416666666667
0 0.8522135416666666 0.7838541666666666 0.01171875 0.018229166666666668
0 0.7766927083333334 0.7180989583333334 0.014322916666666666 0.01171875
0 0.73046875 0.732421875 0.0078125 0.01171875
0 0.8743489583333334 0.7506510416666666 0.014322916666666666 0.016927083333333332
0 0.3072916666666667 0.88671875 0.010416666666666666 0.018229166666666668
0 0.9811197916666666 0.8274739583333334 0.016927083333333332 0.022135416666666668
0 0.8938802083333334 0.8268229166666666 0.01171875 0.015625
0 0.8639322916666666 0.8509114583333334 0.01953125 0.01171875
