0 0.9459635416666666 0.244140625 0.04296875 0.016927083333333332
0 0.4609375 0.6959635416666666 0.2916666666666667 0.07942708333333333
0 0.62109375 0.5481770833333334 0.3411458333333333 0.10677083333333333
0 0.9088541666666666 0.3658854166666667 0.041666666666666664 0.013020833333333334
0 0.84375 0.23111979166666666 0.049479166666666664 0.016927083333333332
0 0.7005208333333334 0.6419270833333334 0.2916666666666667 0.07291666666666667
0 0.4954427083333333 0.046223958333333336 0.3841145833333333 0.09244791666666667
0 0.9368489583333334 0.2643229166666667 0.048177083333333336 0.018229166666666668
0 0.8860677083333334 0.2565104166666667 0.04296875 0.020833333333333332
0 0.4602864583333333 0.8248697916666666 0.3190104166666667 0.08203125
0 0.890625 0.236328125 0.041666666666666664 0.016927083333333332
0 0.9134114583333334 0.345703125 0.04296875 0.01953125
