0 0.705078125 0.24153645833333334 0.06640625 0.05078125
0 0.7395833333333334 0.951171875 0.020833333333333332 0.016927083333333332
0 0.9348958333333334 0.9153645833333334 0.015625 0.013020833333333334
0 0.14518229166666666 0.908203125 0.01953125 0.01171875
0 0.6920572916666666 0.7454427083333334 0.024739583333333332 0.016927083333333332
0 0.6946614583333334 0.24934895833333334 0.014322916666666666 0.01171875
0 0.6731770833333334 0.6634114583333334 0.020833333333333332 0.01171875
0 0.955078125 0.896484375 0.014322916666666666 0.014322916666666666
0 0.8313802083333334 0.9622395833333334 0.014322916666666666 0.015625
0 0.8196614583333334 0.970703125 0.014322916666666666 0.016927083333333332
0 0.9427083333333334 0.9075520833333334 0.015625 0.013020833333333334
0 0.9479166666666666 0.9010416666666666 0.013020833333333334 0.013020833333333334
0 0.79296875 0.6334635416666666 0.0234375 0.01171875
0 0.8736979166666666 0.98828125 0.013020833333333334 0.015625
