0 0.8125 0.435546875 0.10677083333333333 0.061197916666666664
0 0.8014322916666666 0.4524739583333333 0.029947916666666668 0.016927083333333332
0 0.05078125 0.513671875 0.09895833333333333 0.04296875
0 0.5006510416666666 0.427734375 0.11328125 0.05859375
0 0.7584635416666666 0.783203125 0.009114583333333334 0.01171875
0 0.572265625 0.7233072916666666 0.032552083333333336 0.029947916666666668
0 0.6471354166666666 0.7376302083333334 0.10677083333333333 0.07161458333333333
0 0.19010416666666666 0.53125 0.033854166666666664 0.018229166666666668
0 0.2786458333333333 0.12434895833333333 0.03125 0.009114583333333334
0 0.2682291666666667 0.10677083333333333 0.1015625 0.03125
0 0.5234375 0.4557291666666667 0.0234375 0.015625
