0 0.09700520833333333 0.3704427083333333 0.01171875 0.006510416666666667
0 0.216796875 0.17903645833333334 0.014322916666666666 0.014322916666666666
0 0.099609375 0.095703125 0.014322916666666666 0.014322916666666666
0 0.6360677083333334 0.275390625 0.01171875 0.016927083333333332
0 0.2897135416666667 0.022786458333333332 0.014322916666666666 0.01171875
0 0.904296875 0.7421875 0.016927083333333332 0.013020833333333334
0 0.4173177083333333 0.548828125 0.014322916666666666 0.014322916666666666
0 0.07421875 0.212890625 0.013020833333333334 0.014322916666666666
0 0.9993489583333334 0.3040364583333333 0.0013020833333333333 0.009114583333333334
0 0.0859375 0.059895833333333336 0.0078125 0.0078125
0 0.49609375 0.3821614583333333 0.0078125 0.014322916666666666
0 0.47265625 0.3053385416666667 0.010416666666666666 0.006510416666666667
0 0.11263020833333333 0.25 0.006510416666666667 0.010416666666666666
0 0.11783854166666667 0.005208333333333333 0.009114583333333334 0.010416666666666666
0 0.189453125 0.240234375 0.014322916666666666 0.014322916666666666
