0 0.60546875 0.396484375 0.018229166666666668 0.014322916666666666
0 0.3606770833333333 0.7330729166666666 0.03125 0.041666666666666664
0 0.607421875 0.4010416666666667 0.009114583333333334 0.0078125
0 0.2962239583333333 0.70703125 0.02734375 0.041666666666666664
0 0.3079427083333333 0.6966145833333334 0.03515625 0.049479166666666664
0 0.3619791666666667 0.8645833333333334 0.020833333333333332 0.049479166666666664
0 0.3190104166666667 0.75 0.028645833333333332 0.046875
0 0.859375 0.2916666666666667 0.059895833333333336 0.052083333333333336
0 0.3489583333333333 0.8580729166666666 0.020833333333333332 0.049479166666666664
0 0.60546875 0.4290364583333333 0.057291666666666664 0.05859375
0 0.33984375 0.9446614583333334 0.015625 0.04296875
0 0.345703125 0.7369791666666666 0.040364583333333336 0.057291666666666664
0 0.3548177083333333 0.9427083333333334 0.016927083333333332 0.041666666666666664
0 0.3307291666666667 0.7428385416666666 0.033854166666666664 0.053385416666666664
0 0.623046875 0.38671875 0.014322916666666666 0.010416666666666666
