0 0.8776041666666666 0.4680989583333333 0.0078125 0.01171875
0 0.8033854166666666 0.17513020833333334 0.0078125 0.014322916666666666
0 0.8951822916666666 0.9251302083333334 0.01171875 0.014322916666666666
0 0.8020833333333334 0.86328125 0.0078125 0.013020833333333334
0 0.8639322916666666 0.2727864583333333 0.006510416666666667 0.01171875
0 0.9720052083333334 0.4368489583333333 0.01171875 0.01171875
0 0.7278645833333334 0.576171875 0.010416666666666666 0.01171875
0 0.8932291666666666 0.4680989583333333 0.0078125 0.01171875
0 0.8059895833333334 0.6770833333333334 0.010416666666666666 0.013020833333333334
0 0.6321614583333334 0.22721354166666666 0.00390625 0.009114583333333334
0 0.9309895833333334 0.23567708333333334 0.010416666666666666 0.013020833333333334
0 0.80078125 0.5572916666666666 0.010416666666666666 0.0078125
