0 0.275390625 0.6451822916666666 0.014322916666666666 0.01953125
0 0.24739583333333334 0.3717447916666667 0.078125 0.07421875
0 0.37890625 0.6861979166666666 0.028645833333333332 0.057291666666666664
0 0.2109375 0.4108072916666667 0.08333333333333333 0.06640625
0 0.19270833333333334 0.462890625 0.09375 0.06901041666666667
0 0.20963541666666666 0.9947916666666666 0.018229166666666668 0.010416666666666666
0 0.042317708333333336 0.619140625 0.014322916666666666 0.016927083333333332
0 0.091796875 0.7239583333333334 0.06380208333333333 0.059895833333333336
0 0.744140625 0.9837239583333334 0.032552083333333336 0.032552083333333336
0 0.8958333333333334 0.5227864583333334 0.0390625 0.045572916666666664
0 0.3763020833333333 0.2604166666666667 0.09375 0.08072916666666667
0 0.3424479166666667 0.2955729166666667 0.08333333333333333 0.0859375
0 0.09700520833333333 0.8639322916666666 0.06901041666666667 0.06380208333333333
