0 0.8098958333333334 0.3899739583333333 0.010416666666666666 0.009114583333333334
0 0.9108072916666666 0.3470052083333333 0.01953125 0.022135416666666668
0 0.8899739583333334 0.33203125 0.01171875 0.013020833333333334
0 0.748046875 0.48046875 0.016927083333333332 0.020833333333333332
0 0.7740885416666666 0.4505208333333333 0.01171875 0.010416666666666666
0 0.89453125 0.3248697916666667 0.020833333333333332 0.024739583333333332
0 0.7936197916666666 0.3997395833333333 0.016927083333333332 0.013020833333333334
0 0.8125 0.3971354166666667 0.010416666666666666 0.010416666666666666
0 0.7975260416666666 0.4055989583333333 0.016927083333333332 0.016927083333333332
0 0.900390625 0.3444010416666667 0.01171875 0.014322916666666666
0 0.88671875 0.3391927083333333 0.015625 0.016927083333333332
0 0.7493489583333334 0.3782552083333333 0.01953125 0.016927083333333332
0 0.7239583333333334 0.412109375 0.013020833333333334 0.02734375
0 0.7630208333333334 0.4576822916666667 0.010416666666666666 0.01171875
0 0.759765625 0.4615885416666667 0.01171875 0.014322916666666666
