0 0.11393229166666667 0.4342447916666667 0.07421875 0.07682291666666667
0 0.73046875 0.6809895833333334 0.013020833333333334 0.020833333333333332
0 0.22916666666666666 0.3307291666666667 0.052083333333333336 0.06510416666666667
0 0.3177083333333333 0.298828125 0.0703125 0.10286458333333333
0 0.6796875 0.6653645833333334 0.0625 0.0859375
0 0.7350260416666666 0.52734375 0.08984375 0.10677083333333333
0 0.5032552083333334 0.5885416666666666 0.037760416666666664 0.078125
0 0.22200520833333334 0.3619791666666667 0.048177083333333336 0.07552083333333333
0 0.7102864583333334 0.677734375 0.04296875 0.055989583333333336
0 0.6595052083333334 0.8033854166666666 0.07161458333333333 0.078125
