0 0.9993489583333334 0.654296875 0.0013020833333333333 0.024739583333333332
0 0.7786458333333334 0.22330729166666666 0.026041666666666668 0.01953125
0 0.578125 0.3346354166666667 0.028645833333333332 0.015625
0 0.9544270833333334 0.3795572916666667 0.057291666666666664 0.040364583333333336
0 0.18489583333333334 0.3743489583333333 0.09895833333333333 0.07161458333333333
0 0.7298177083333334 0.9010416666666666 0.09244791666666667 0.06510416666666667
0 0.3151041666666667 0.8893229166666666 0.08854166666666667 0.049479166666666664
0 0.77734375 0.607421875 0.09895833333333333 0.055989583333333336
0 0.4186197916666667 0.5234375 0.09244791666666667 0.0703125
0 0.12565104166666666 0.744140625 0.029947916666666668 0.01953125
