0 0.12565104166666666 0.236328125 0.009114583333333334 0.014322916666666666
0 0.130859375 0.16666666666666666 0.009114583333333334 0.018229166666666668
0 0.2513020833333333 0.4381510416666667 0.033854166666666664 0.016927083333333332
0 0.4016927083333333 0.609375 0.016927083333333332 0.015625
0 0.13541666666666666 0.09440104166666667 0.028645833333333332 0.009114583333333334
0 0.13216145833333334 0.3294270833333333 0.009114583333333334 0.015625
0 0.17122395833333334 0.146484375 0.01171875 0.016927083333333332
0 0.2819010416666667 0.513671875 0.01171875 0.01953125
0 0.3033854166666667 0.5442708333333334 0.020833333333333332 0.015625
0 0.2701822916666667 0.4791666666666667 0.01171875 0.018229166666666668
0 0.2877604166666667 0.6126302083333334 0.010416666666666666 0.01953125
0 0.216796875 0.34765625 0.014322916666666666 0.020833333333333332
