0 0.20572916666666666 0.119140625 0.018229166666666668 0.01171875
0 0.193359375 0.22591145833333334 0.022135416666666668 0.014322916666666666
0 0.2109375 0.14973958333333334 0.015625 0.015625
0 0.18880208333333334 0.018229166666666668 0.020833333333333332 0.018229166666666668
0 0.248046875 0.03125 0.01953125 0.010416666666666666
0 0.19986979166666666 0.283203125 0.01953125 0.014322916666666666
0 0.20768229166666666 0.06770833333333333 0.01953125 0.013020833333333334
0 0.240234375 0.20768229166666666 0.016927083333333332 0.009114583333333334
0 0.23567708333333334 0.08203125 0.020833333333333332 0.013020833333333334
0 0.14778645833333334 0.2936197916666667 0.014322916666666666 0.014322916666666666
0 0.12825520833333334 0.2649739583333333 0.01953125 0.01953125
