0 0.4895833333333333 0.515625 0.049479166666666664 0.044270833333333336
0 0.19270833333333334 0.3411458333333333 0.041666666666666664 0.0390625
0 0.02734375 0.9752604166666666 0.020833333333333332 0.0078125
0 0.9466145833333334 0.8893229166666666 0.10416666666666667 0.0625
0 0.888671875 0.4147135416666667 0.016927083333333332 0.006510416666666667
0 0.7845052083333334 0.5403645833333334 0.09244791666666667 0.07552083333333333
0 0.7858072916666666 0.1796875 0.05859375 0.0625
0 0.58984375 0.259765625 0.046875 0.04296875
0 0.20638020833333334 0.8828125 0.11067708333333333 0.0859375
0 0.03125 0.3346354166666667 0.052083333333333336 0.013020833333333334
0 0.055338541666666664 0.2682291666666667 0.04296875 0.0390625
