0 0.5013020833333334 0.083984375 0.078125 0.06380208333333333
0 0.52734375 0.043619791666666664 0.0703125 0.06901041666666667
0 0.4967447916666667 0.5833333333333334 0.045572916666666664 0.052083333333333336
0 0.400390625 0.7936197916666666 0.016927083333333332 0.029947916666666668
0 0.24153645833333334 0.466796875 0.022135416666666668 0.06640625
0 0.3971354166666667 0.8385416666666666 0.018229166666666668 0.028645833333333332
0 0.07161458333333333 0.5533854166666666 0.049479166666666664 0.036458333333333336
0 0.275390625 0.4713541666666667 0.024739583333333332 0.08333333333333333
0 0.3424479166666667 0.27734375 0.078125 0.06770833333333333
0 0.3001302083333333 0.8138020833333334 0.016927083333333332 0.013020833333333334
0 0.2578125 0.4733072916666667 0.020833333333333332 0.05859375
0 0.055989583333333336 0.5611979166666666 0.036458333333333336 0.03125
0 0.3795572916666667 0.783203125 0.05078125 0.09244791666666667
0 0.486328125 0.5813802083333334 0.01171875 0.014322916666666666
