0 0.025390625 0.3235677083333333 0.029947916666666668 0.03515625
0 0.119140625 0.9407552083333334 0.009114583333333334 0.016927083333333332
0 0.17578125 0.8802083333333334 0.010416666666666666 0.026041666666666668
0 0.12044270833333333 0.11653645833333333 0.02734375 0.02734375
0 0.13736979166666666 0.79296875 0.014322916666666666 0.026041666666666668
0 0.17513020833333334 0.9114583333333334 0.01171875 0.015625
0 0.12565104166666666 0.8580729166666666 0.009114583333333334 0.018229166666666668
0 0.13997395833333334 0.7643229166666666 0.02734375 0.013020833333333334
0 0.06380208333333333 0.6126302083333334 0.018229166666666668 0.016927083333333332
0 0.07552083333333333 0.6236979166666666 0.0078125 0.0078125
0 0.2623697916666667 0.7669270833333334 0.01953125 0.010416666666666666
