0 0.740234375 0.9739583333333334 0.053385416666666664 0.052083333333333336
0 0.9615885416666666 0.4954427083333333 0.053385416666666664 0.053385416666666664
0 0.349609375 0.130859375 0.037760416666666664 0.05078125
0 0.9615885416666666 0.7805989583333334 0.07421875 0.06640625
0 0.5631510416666666 0.689453125 0.048177083333333336 0.045572916666666664
0 0.7350260416666666 0.17903645833333334 0.053385416666666664 0.053385416666666664
0 0.9993489583333334 0.640625 0.0013020833333333333 0.015625
0 0.3235677083333333 0.9114583333333334 0.05859375 0.052083333333333336
0 0.5540364583333334 0.6796875 0.040364583333333336 0.041666666666666664
0 0.322265625 0.4680989583333333 0.07682291666666667 0.06380208333333333
0 0.5123697916666666 0.322265625 0.048177083333333336 0.05078125
0 0.3352864583333333 0.125 0.037760416666666664 0.052083333333333336
0 0.7838541666666666 0.6451822916666666 0.057291666666666664 0.05078125
0 0.4029947916666667 0.5963541666666666 0.05078125 0.049479166666666664
