0 0.8072916666666666 0.6295572916666666 0.013020833333333334 0.014322916666666666
0 0.7265625 0.888671875 0.049479166666666664 0.01953125
0 0.7981770833333334 0.8743489583333334 0.0625 0.01953125
0 0.6061197916666666 0.8365885416666666 0.009114583333333334 0.016927083333333332
0 0.947265625 0.6145833333333334 0.048177083333333336 0.08072916666666667
0 0.912109375 0.6139322916666666 0.032552083333333336 0.06380208333333333
0 0.8430989583333334 0.607421875 0.009114583333333334 0.01171875
0 0.8385416666666666 0.6178385416666666 0.0234375 0.024739583333333332
0 0.6282552083333334 0.78515625 0.014322916666666666 0.010416666666666666
0 0.978515625 0.5631510416666666 0.01171875 0.014322916666666666
0 0.7630208333333334 0.908203125 0.13802083333333334 0.04296875
0 0.8671875 0.5983072916666666 0.018229166666666668 0.01953125
0 0.9602864583333334 0.5677083333333334 0.016927083333333332 0.013020833333333334
0 0.693359375 0.71484375 0.032552083333333336 0.020833333333333332
