0 0.9583333333333334 0.4498697916666667 0.057291666666666664 0.21223958333333334
0 0.9876302083333334 0.4694010416666667 0.022135416666666668 0.08723958333333333
0 0.9251302083333334 0.41796875 0.02734375 0.09635416666666667
0 0.8782552083333334 0.916015625 0.03515625 0.05859375
0 0.55859375 0.8196614583333334 0.03125 0.08723958333333333
0 0.736328125 0.18684895833333334 0.040364583333333336 0.08463541666666667
0 0.6321614583333334 0.09049479166666667 0.05859375 0.18098958333333334
0 0.8671875 0.8990885416666666 0.020833333333333332 0.032552083333333336
0 0.5364583333333334 0.8157552083333334 0.028645833333333332 0.05859375
0 0.3528645833333333 0.7161458333333334 0.015625 0.015625
0 0.5963541666666666 0.038411458333333336 0.026041666666666668 0.07682291666666667
0 0.515625 0.810546875 0.0234375 0.05078125
0 0.9811197916666666 0.5670572916666666 0.032552083333333336 0.024739583333333332
0 0.6471354166666666 0.19791666666666666 0.03125 0.041666666666666664
