0 0.015625 0.3489583333333333 0.0078125 0.010416666666666666
0 0.6822916666666666 0.3938802083333333 0.046875 0.02734375
0 0.4453125 0.2669270833333333 0.057291666666666664 0.028645833333333332
0 0.06705729166666667 0.3209635416666667 0.07161458333333333 0.024739583333333332
0 0.0703125 0.3391927083333333 0.06510416666666667 0.016927083333333332
0 0.6868489583333334 0.4055989583333333 0.040364583333333336 0.01953125
0 0.0703125 0.3606770833333333 0.0625 0.03125
0 0.4563802083333333 0.28515625 0.07421875 0.03125
0 0.07161458333333333 0.3053385416666667 0.015625 0.009114583333333334
0 0.4485677083333333 0.3216145833333333 0.045572916666666664 0.020833333333333332
0 0.130859375 0.8444010416666666 0.053385416666666664 0.029947916666666668
0 0.666015625 0.384765625 0.04296875 0.022135416666666668
0 0.453125 0.3059895833333333 0.06510416666666667 0.028645833333333332
0 0.6848958333333334 0.41796875 0.0234375 0.015625
0 0.673828125 0.3684895833333333 0.045572916666666664 0.020833333333333332
