0 0.0703125 0.007161458333333333 0.06510416666666667 0.014322916666666666
0 0.0703125 0.02734375 0.0625 0.03125
0 0.673828125 0.03515625 0.045572916666666664 0.020833333333333332
0 0.130859375 0.5110677083333334 0.053385416666666664 0.029947916666666668
0 0.666015625 0.051432291666666664 0.04296875 0.022135416666666668
0 0.29296875 0.947265625 0.14322916666666666 0.06380208333333333
0 0.6822916666666666 0.060546875 0.046875 0.02734375
0 0.28125 0.9029947916666666 0.11979166666666667 0.053385416666666664
0 0.6868489583333334 0.072265625 0.040364583333333336 0.01953125
0 0.6848958333333334 0.08463541666666667 0.0234375 0.015625
0 0.015625 0.015625 0.0078125 0.010416666666666666
