0 0.40234375 0.6555989583333334 0.010416666666666666 0.009114583333333334
0 0.4576822916666667 0.8619791666666666 0.055989583333333336 0.09114583333333333
0 0.4967447916666667 0.8404947916666666 0.0013020833333333333 0.0013020833333333333
0 0.3971354166666667 0.6516927083333334 0.018229166666666668 0.024739583333333332
0 0.7018229166666666 0.4375 0.125 0.1875
0 0.380859375 0.64453125 0.07421875 0.09635416666666667
0 0.8854166666666666 0.84375 0.078125 0.125
0 0.490234375 0.884765625 0.045572916666666664 0.08723958333333333
0 0.4479166666666667 0.8483072916666666 0.015625 0.02734375
0 0.4244791666666667 0.8880208333333334 0.015625 0.018229166666666668
0 0.3587239583333333 0.6471354166666666 0.022135416666666668 0.028645833333333332
