0 0.4244791666666667 0.19010416666666666 0.0234375 0.018229166666666668
0 0.3561197916666667 0.22330729166666666 0.024739583333333332 0.01953125
0 0.384765625 0.228515625 0.05078125 0.045572916666666664
0 0.697265625 0.020833333333333332 0.014322916666666666 0.015625
0 0.359375 0.23763020833333334 0.026041666666666668 0.01953125
0 0.529296875 0.103515625 0.037760416666666664 0.03515625
0 0.349609375 0.25390625 0.03515625 0.026041666666666668
0 0.2786458333333333 0.4661458333333333 0.010416666666666666 0.015625
0 0.3977864583333333 0.21875 0.05078125 0.044270833333333336
0 0.3209635416666667 0.3470052083333333 0.040364583333333336 0.05859375
0 0.5924479166666666 0.06380208333333333 0.018229166666666668 0.0234375
0 0.4108072916666667 0.2109375 0.05078125 0.041666666666666664
0 0.302734375 0.3424479166666667 0.040364583333333336 0.057291666666666664
0 0.6028645833333334 0.059895833333333336 0.018229166666666668 0.0234375
0 0.337890625 0.3509114583333333 0.029947916666666668 0.048177083333333336
