0 0.556640625 0.134765625 0.014322916666666666 0.01953125
0 0.17317708333333334 0.19075520833333334 0.0078125 0.009114583333333334
0 0.21158854166666666 0.20247395833333334 0.009114583333333334 0.014322916666666666
0 0.18815104166666666 0.19921875 0.006510416666666667 0.010416666666666666
0 0.19986979166666666 0.20442708333333334 0.009114583333333334 0.013020833333333334
0 0.5989583333333334 0.048177083333333336 0.015625 0.018229166666666668
0 0.193359375 0.201171875 0.006510416666666667 0.01171875
0 0.22005208333333334 0.203125 0.013020833333333334 0.018229166666666668
0 0.16015625 0.21158854166666666 0.013020833333333334 0.009114583333333334
0 0.18229166666666666 0.19075520833333334 0.0078125 0.009114583333333334
