0 0.5 0.5305989583333334 0.07552083333333333 0.061197916666666664
0 0.134765625 0.8385416666666666 0.06901041666666667 0.052083333333333336
0 0.8802083333333334 0.07421875 0.0546875 0.109375
0 0.20182291666666666 0.14518229166666666 0.078125 0.07682291666666667
0 0.7220052083333334 0.3307291666666667 0.061197916666666664 0.0703125
0 0.041666666666666664 0.28515625 0.08333333333333333 0.0859375
0 0.681640625 0.7890625 0.08463541666666667 0.08854166666666667
0 0.3984375 0.2864583333333333 0.07552083333333333 0.06770833333333333
0 0.15234375 0.482421875 0.028645833333333332 0.032552083333333336
0 0.986328125 0.4114583333333333 0.022135416666666668 0.057291666666666664
