0 0.76953125 0.189453125 0.07291666666666667 0.05078125
0 0.7649739583333334 0.16341145833333334 0.05859375 0.037760416666666664
0 0.4166666666666667 0.21158854166666666 0.028645833333333332 0.037760416666666664
0 0.3639322916666667 0.22265625 0.037760416666666664 0.041666666666666664
0 0.3567708333333333 0.3092447916666667 0.09114583333333333 0.053385416666666664
0 0.392578125 0.15885416666666666 0.05078125 0.0546875
0 0.4088541666666667 0.18294270833333334 0.0234375 0.040364583333333336
0 0.767578125 0.17578125 0.061197916666666664 0.0390625
0 0.76171875 0.154296875 0.052083333333333336 0.032552083333333336
0 0.755859375 0.14583333333333334 0.05859375 0.036458333333333336
0 0.2545572916666667 0.11197916666666667 0.02734375 0.041666666666666664
0 0.4296875 0.2265625 0.026041666666666668 0.0390625
0 0.3626302083333333 0.251953125 0.08463541666666667 0.045572916666666664
0 0.3678385416666667 0.2819010416666667 0.10546875 0.055989583333333336
