0 0.24674479166666666 0.80859375 0.061197916666666664 0.041666666666666664
0 0.76171875 0.6809895833333334 0.0625 0.041666666666666664
0 0.7649739583333334 0.6640625 0.06640625 0.049479166666666664
0 0.23177083333333334 0.841796875 0.06770833333333333 0.045572916666666664
0 0.6061197916666666 0.970703125 0.048177083333333336 0.014322916666666666
0 0.248046875 0.7916666666666666 0.04296875 0.026041666666666668
0 0.216796875 0.8795572916666666 0.06640625 0.04296875
0 0.22526041666666666 0.861328125 0.06770833333333333 0.04296875
0 0.76953125 0.6451822916666666 0.0546875 0.04296875
0 0.7779947916666666 0.6341145833333334 0.04296875 0.033854166666666664
