0 0.06966145833333333 0.78125 0.11328125 0.041666666666666664
0 0.16731770833333334 0.5540364583333334 0.048177083333333336 0.02734375
0 0.9381510416666666 0.34765625 0.10807291666666667 0.036458333333333336
0 0.5904947916666666 0.4186197916666667 0.07682291666666667 0.045572916666666664
0 0.2766927083333333 0.20182291666666666 0.01953125 0.013020833333333334
0 0.059244791666666664 0.4010416666666667 0.055989583333333336 0.036458333333333336
0 0.642578125 0.982421875 0.10546875 0.03515625
0 0.8658854166666666 0.6725260416666666 0.109375 0.05078125
0 0.4563802083333333 0.9283854166666666 0.04296875 0.026041666666666668
0 0.5182291666666666 0.658203125 0.07552083333333333 0.032552083333333336
