0 0.14388020833333334 0.85546875 0.05078125 0.0859375
0 0.08203125 0.6451822916666666 0.0234375 0.02734375
0 0.087890625 0.6510416666666666 0.016927083333333332 0.018229166666666668
0 0.043619791666666664 0.6432291666666666 0.022135416666666668 0.028645833333333332
0 0.5677083333333334 0.8365885416666666 0.07552083333333333 0.12630208333333334
0 0.8014322916666666 0.171875 0.06901041666666667 0.052083333333333336
0 0.8391927083333334 0.5123697916666666 0.07421875 0.10546875
0 0.384765625 0.43359375 0.13151041666666666 0.19010416666666666
0 0.06380208333333333 0.6399739583333334 0.06510416666666667 0.09505208333333333
0 0.15755208333333334 0.873046875 0.046875 0.09505208333333333
0 0.17317708333333334 0.880859375 0.046875 0.08984375
