0 0.828125 0.9407552083333334 0.0078125 0.01171875
0 0.724609375 0.251953125 0.20182291666666666 0.17057291666666666
0 0.81640625 0.9915364583333334 0.010416666666666666 0.009114583333333334
0 0.828125 0.96484375 0.0078125 0.010416666666666666
0 0.7994791666666666 0.9895833333333334 0.010416666666666666 0.0078125
0 0.7734375 0.9544270833333334 0.013020833333333334 0.010416666666666666
0 0.8268229166666666 0.919921875 0.010416666666666666 0.009114583333333334
0 0.9108072916666666 0.8854166666666666 0.014322916666666666 0.010416666666666666
0 0.8203125 0.9928385416666666 0.0078125 0.006510416666666667
0 0.8502604166666666 0.9212239583333334 0.013020833333333334 0.009114583333333334
