0 0.2682291666666667 0.1015625 0.015625 0.013020833333333334
0 0.23893229166666666 0.125 0.009114583333333334 0.0078125
0 0.2838541666666667 0.21549479166666666 0.0078125 0.01171875
0 0.23307291666666666 0.16145833333333334 0.0078125 0.0078125
0 0.2571614583333333 0.064453125 0.006510416666666667 0.006510416666666667
0 0.24934895833333334 0.14713541666666666 0.006510416666666667 0.005208333333333333
0 0.2532552083333333 0.13411458333333334 0.006510416666666667 0.0078125
0 0.22786458333333334 0.11197916666666667 0.0078125 0.0078125
0 0.22916666666666666 0.14583333333333334 0.005208333333333333 0.0078125
0 0.21549479166666666 0.13606770833333334 0.006510416666666667 0.006510416666666667
0 0.24544270833333334 0.0625 0.00390625 0.010416666666666666
0 0.1953125 0.15169270833333334 0.0078125 0.006510416666666667
0 0.20182291666666666 0.06380208333333333 0.005208333333333333 0.010416666666666666
0 0.2682291666666667 0.08463541666666667 0.0078125 0.0078125
0 0.2923177083333333 0.18684895833333334 0.006510416666666667 0.006510416666666667
