0 0.2975260416666667 0.162109375 0.016927083333333332 0.009114583333333334
0 0.9993489583333334 0.3157552083333333 0.0013020833333333333 0.0013020833333333333
0 0.2786458333333333 0.17317708333333334 0.018229166666666668 0.0078125
0 0.2858072916666667 0.16731770833333334 0.016927083333333332 0.009114583333333334
0 0.1328125 0.4498697916666667 0.020833333333333332 0.009114583333333334
0 0.19205729166666666 0.158203125 0.01953125 0.01953125
0 0.2591145833333333 0.19921875 0.013020833333333334 0.0078125
0 0.09830729166666667 0.7545572916666666 0.01953125 0.022135416666666668
0 0.251953125 0.20833333333333334 0.01953125 0.010416666666666666
0 0.10872395833333333 0.7141927083333334 0.016927083333333332 0.01953125
0 0.126953125 0.4928385416666667 0.01953125 0.01171875
0 0.06770833333333333 0.3255208333333333 0.033854166666666664 0.049479166666666664
