0 0.12044270833333333 0.087890625 0.04296875 0.022135416666666668
0 0.126953125 0.5416666666666666 0.05078125 0.0625
0 0.181640625 0.439453125 0.022135416666666668 0.016927083333333332
0 0.11393229166666667 0.6783854166666666 0.024739583333333332 0.049479166666666664
0 0.14453125 0.701171875 0.010416666666666666 0.022135416666666668
0 0.2591145833333333 0.31640625 0.06770833333333333 0.08072916666666667
0 0.22005208333333334 0.333984375 0.041666666666666664 0.05078125
0 0.10546875 0.541015625 0.041666666666666664 0.05078125
0 0.1015625 0.5201822916666666 0.057291666666666664 0.06380208333333333
0 0.109375 0.07291666666666667 0.08072916666666667 0.033854166666666664
0 0.15885416666666666 0.6985677083333334 0.026041666666666668 0.04296875
0 0.17122395833333334 0.4205729166666667 0.02734375 0.03125
0 0.18424479166666666 0.6822916666666666 0.03515625 0.059895833333333336
0 0.13736979166666666 0.6985677083333334 0.01171875 0.024739583333333332
