0 0.09765625 0.5794270833333334 0.0390625 0.057291666666666664
0 0.5826822916666666 0.71875 0.07682291666666667 0.13802083333333334
0 0.44921875 0.12434895833333333 0.078125 0.09505208333333333
0 0.11197916666666667 0.4680989583333333 0.041666666666666664 0.037760416666666664
0 0.5944010416666666 0.373046875 0.061197916666666664 0.09765625
0 0.22005208333333334 0.3365885416666667 0.049479166666666664 0.06380208333333333
0 0.9993489583333334 0.18359375 0.0013020833333333333 0.0234375
0 0.9993489583333334 0.8639322916666666 0.0013020833333333333 0.01953125
0 0.8776041666666666 0.18294270833333334 0.0625 0.13932291666666666
0 0.9485677083333334 0.7701822916666666 0.02734375 0.024739583333333332
