0 0.11263020833333333 0.19921875 0.009114583333333334 0.010416666666666666
0 0.337890625 0.2532552083333333 0.07942708333333333 0.032552083333333336
0 0.9140625 0.21223958333333334 0.052083333333333336 0.08333333333333333
0 0.14713541666666666 0.21158854166666666 0.015625 0.009114583333333334
0 0.6263020833333334 0.1953125 0.018229166666666668 0.010416666666666666
0 0.5755208333333334 0.08333333333333333 0.018229166666666668 0.018229166666666668
0 0.2825520833333333 0.4453125 0.11458333333333333 0.041666666666666664
0 0.5494791666666666 0.279296875 0.013020833333333334 0.02734375
0 0.16341145833333334 0.20052083333333334 0.08463541666666667 0.015625
0 0.55078125 0.061197916666666664 0.049479166666666664 0.03125
0 0.94140625 0.181640625 0.013020833333333334 0.016927083333333332
0 0.6360677083333334 0.189453125 0.045572916666666664 0.029947916666666668
0 0.3020833333333333 0.25 0.013020833333333334 0.0078125
