0 0.533203125 0.8131510416666666 0.016927083333333332 0.01953125
0 0.5768229166666666 0.24088541666666666 0.0078125 0.018229166666666668
0 0.5078125 0.7122395833333334 0.018229166666666668 0.0234375
0 0.5930989583333334 0.4498697916666667 0.022135416666666668 0.022135416666666668
0 0.5559895833333334 0.5553385416666666 0.018229166666666668 0.022135416666666668
0 0.5338541666666666 0.3522135416666667 0.0234375 0.022135416666666668
0 0.5436197916666666 0.5110677083333334 0.016927083333333332 0.016927083333333332
0 0.5768229166666666 0.75390625 0.015625 0.020833333333333332
0 0.6022135416666666 0.091796875 0.016927083333333332 0.016927083333333332
0 0.5364583333333334 0.4322916666666667 0.018229166666666668 0.0234375
0 0.6126302083333334 0.20833333333333334 0.014322916666666666 0.020833333333333332
0 0.5963541666666666 0.13802083333333334 0.015625 0.015625
