0 0.3834635416666667 0.4720052083333333 0.05859375 0.032552083333333336
0 0.9772135416666666 0.4388020833333333 0.029947916666666668 0.0546875
0 0.8600260416666666 0.3059895833333333 0.048177083333333336 0.0390625
0 0.8170572916666666 0.2584635416666667 0.01171875 0.006510416666666667
0 0.9231770833333334 0.19661458333333334 0.0078125 0.005208333333333333
0 0.833984375 0.32421875 0.016927083333333332 0.015625
0 0.923828125 0.4114583333333333 0.03515625 0.046875
0 0.7975260416666666 0.267578125 0.014322916666666666 0.006510416666666667
0 0.8020833333333334 0.255859375 0.018229166666666668 0.009114583333333334
0 0.80078125 0.2623697916666667 0.020833333333333332 0.009114583333333334
0 0.9049479166666666 0.158203125 0.0078125 0.01171875
0 0.9485677083333334 0.4205729166666667 0.040364583333333336 0.044270833333333336
0 0.953125 0.431640625 0.013020833333333334 0.014322916666666666
0 0.8723958333333334 0.3196614583333333 0.049479166666666664 0.045572916666666664
