0 0.283203125 0.7981770833333334 0.15234375 0.1484375
0 0.7623697916666666 0.5 0.029947916666666668 0.0078125
0 0.8600260416666666 0.5065104166666666 0.022135416666666668 0.005208333333333333
0 0.8600260416666666 0.5013020833333334 0.01953125 0.005208333333333333
0 0.728515625 0.4127604166666667 0.13151041666666666 0.036458333333333336
0 0.7044270833333334 0.4973958333333333 0.044270833333333336 0.010416666666666666
0 0.490234375 0.486328125 0.08203125 0.014322916666666666
0 0.8834635416666666 0.4947916666666667 0.01171875 0.018229166666666668
0 0.4088541666666667 0.7200520833333334 0.033854166666666664 0.015625
0 0.8111979166666666 0.50390625 0.033854166666666664 0.0078125
0 0.765625 0.4947916666666667 0.020833333333333332 0.005208333333333333
0 0.8756510416666666 0.4602864583333333 0.029947916666666668 0.01171875
0 0.028645833333333332 0.2265625 0.044270833333333336 0.046875
