0 0.14518229166666666 0.5826822916666666 0.014322916666666666 0.016927083333333332
0 0.12630208333333334 0.5826822916666666 0.013020833333333334 0.016927083333333332
0 0.8118489583333334 0.3391927083333333 0.022135416666666668 0.01171875
0 0.154296875 0.580078125 0.014322916666666666 0.01953125
0 0.072265625 0.6087239583333334 0.022135416666666668 0.03515625
0 0.10286458333333333 0.587890625 0.015625 0.022135416666666668
0 0.044270833333333336 0.595703125 0.010416666666666666 0.01171875
0 0.037109375 0.8626302083333334 0.014322916666666666 0.016927083333333332
0 0.9186197916666666 0.2838541666666667 0.022135416666666668 0.010416666666666666
0 0.9694010416666666 0.236328125 0.024739583333333332 0.009114583333333334
0 0.16276041666666666 0.5774739583333334 0.013020833333333334 0.016927083333333332
0 0.11328125 0.5859375 0.013020833333333334 0.018229166666666668
