0 0.21809895833333334 0.740234375 0.014322916666666666 0.014322916666666666
0 0.23697916666666666 0.7578125 0.020833333333333332 0.015625
0 0.3990885416666667 0.759765625 0.022135416666666668 0.022135416666666668
0 0.802734375 0.7662760416666666 0.016927083333333332 0.016927083333333332
0 0.787109375 0.7727864583333334 0.016927083333333332 0.01171875
0 0.17578125 0.7532552083333334 0.018229166666666668 0.014322916666666666
0 0.07096354166666667 0.7415364583333334 0.014322916666666666 0.014322916666666666
0 0.8229166666666666 0.7545572916666666 0.018229166666666668 0.01953125
0 0.029947916666666668 0.72265625 0.020833333333333332 0.020833333333333332
0 0.087890625 0.7408854166666666 0.01953125 0.018229166666666668
0 0.33203125 0.7506510416666666 0.015625 0.01171875
