0 0.23111979166666666 0.9440104166666666 0.01953125 0.036458333333333336
0 0.13411458333333334 0.7610677083333334 0.0234375 0.029947916666666668
0 0.17252604166666666 0.9205729166666666 0.029947916666666668 0.036458333333333336
0 0.240234375 0.953125 0.024739583333333332 0.033854166666666664
0 0.275390625 0.5755208333333334 0.024739583333333332 0.046875
0 0.125 0.8684895833333334 0.0234375 0.0234375
0 0.2819010416666667 0.9856770833333334 0.029947916666666668 0.026041666666666668
0 0.32421875 0.3606770833333333 0.09114583333333333 0.09895833333333333
0 0.20182291666666666 0.9407552083333334 0.026041666666666668 0.037760416666666664
0 0.5514322916666666 0.6516927083333334 0.022135416666666668 0.06380208333333333
0 0.12239583333333333 0.7565104166666666 0.026041666666666668 0.03125
