0 0.23697916666666666 0.9166666666666666 0.09114583333333333 0.0859375
0 0.796875 0.4641927083333333 0.09114583333333333 0.07161458333333333
0 0.6041666666666666 0.669921875 0.0625 0.05078125
0 0.55078125 0.19596354166666666 0.0703125 0.06640625
0 0.9427083333333334 0.7838541666666666 0.08072916666666667 0.0703125
0 0.6067708333333334 0.6516927083333334 0.033854166666666664 0.02734375
0 0.5169270833333334 0.9596354166666666 0.078125 0.0625
0 0.193359375 0.16927083333333334 0.040364583333333336 0.044270833333333336
0 0.12174479166666667 0.4466145833333333 0.06640625 0.059895833333333336
0 0.9479166666666666 0.5084635416666666 0.033854166666666664 0.029947916666666668
