0 0.2838541666666667 0.6100260416666666 0.015625 0.009114583333333334
0 0.2799479166666667 0.6705729166666666 0.010416666666666666 0.0078125
0 0.513671875 0.794921875 0.01171875 0.01171875
0 0.62890625 0.7291666666666666 0.010416666666666666 0.0078125
0 0.216796875 0.5930989583333334 0.014322916666666666 0.014322916666666666
0 0.6119791666666666 0.751953125 0.0078125 0.006510416666666667
0 0.2747395833333333 0.6588541666666666 0.013020833333333334 0.013020833333333334
0 0.515625 0.841796875 0.0078125 0.006510416666666667
0 0.5677083333333334 0.7506510416666666 0.010416666666666666 0.009114583333333334
0 0.5201822916666666 0.744140625 0.01171875 0.01171875
0 0.5162760416666666 0.7779947916666666 0.009114583333333334 0.009114583333333334
0 0.9661458333333334 0.9212239583333334 0.015625 0.022135416666666668
