0 0.3229166666666667 0.9479166666666666 0.013020833333333334 0.0078125
0 0.3404947916666667 0.8932291666666666 0.016927083333333332 0.015625
0 0.306640625 0.9947916666666666 0.022135416666666668 0.010416666666666666
0 0.32421875 0.9694010416666666 0.015625 0.01171875
0 0.3815104166666667 0.892578125 0.015625 0.016927083333333332
0 0.3938802083333333 0.927734375 0.014322916666666666 0.01171875
0 0.3274739583333333 0.9251302083333334 0.016927083333333332 0.01171875
0 0.3951822916666667 0.970703125 0.016927083333333332 0.01171875
0 0.3365885416666667 0.876953125 0.016927083333333332 0.009114583333333334
0 0.33203125 0.9095052083333334 0.020833333333333332 0.01171875
0 0.39453125 0.91015625 0.015625 0.0078125
