0 0.9485677083333334 0.75390625 0.040364583333333336 0.044270833333333336
0 0.8020833333333334 0.5891927083333334 0.018229166666666668 0.009114583333333334
0 0.9049479166666666 0.4915364583333333 0.0078125 0.01171875
0 0.833984375 0.6575520833333334 0.016927083333333332 0.015625
0 0.8723958333333334 0.6529947916666666 0.049479166666666664 0.045572916666666664
0 0.9772135416666666 0.7721354166666666 0.029947916666666668 0.0546875
0 0.8600260416666666 0.6393229166666666 0.048177083333333336 0.0390625
0 0.9231770833333334 0.5299479166666666 0.0078125 0.005208333333333333
0 0.953125 0.7649739583333334 0.013020833333333334 0.014322916666666666
0 0.80078125 0.595703125 0.020833333333333332 0.009114583333333334
0 0.923828125 0.7447916666666666 0.03515625 0.046875
0 0.8170572916666666 0.591796875 0.01171875 0.006510416666666667
0 0.7975260416666666 0.6009114583333334 0.014322916666666666 0.006510416666666667
0 0.3834635416666667 0.8053385416666666 0.05859375 0.032552083333333336
