0 0.490234375 0.7141927083333334 0.022135416666666668 0.006510416666666667
0 0.4798177083333333 0.7096354166666666 0.02734375 0.013020833333333334
0 0.30859375 0.51953125 0.0390625 0.015625
0 0.18489583333333334 0.3255208333333333 0.09375 0.026041666666666668
0 0.3795572916666667 0.3678385416666667 0.053385416666666664 0.016927083333333332
0 0.08072916666666667 0.3326822916666667 0.09375 0.03515625
0 0.70703125 0.15559895833333334 0.10416666666666667 0.04296875
0 0.20182291666666666 0.3821614583333333 0.059895833333333336 0.016927083333333332
0 0.2903645833333333 0.373046875 0.06510416666666667 0.016927083333333332
0 0.2838541666666667 0.3203125 0.07291666666666667 0.018229166666666668
0 0.375 0.6328125 0.0390625 0.033854166666666664
