0 0.6790364583333334 0.06901041666666667 0.04296875 0.046875
0 0.09049479166666667 0.5592447916666666 0.006510416666666667 0.009114583333333334
0 0.7063802083333334 0.130859375 0.016927083333333332 0.01171875
0 0.0859375 0.3645833333333333 0.044270833333333336 0.049479166666666664
0 0.9739583333333334 0.08854166666666667 0.049479166666666664 0.0625
0 0.86328125 0.046223958333333336 0.041666666666666664 0.048177083333333336
0 0.712890625 0.13736979166666666 0.016927083333333332 0.01171875
0 0.21484375 0.80078125 0.013020833333333334 0.0078125
0 0.3782552083333333 0.6946614583333334 0.14973958333333334 0.16536458333333334
0 0.9251302083333334 0.08072916666666667 0.04296875 0.046875
0 0.9635416666666666 0.12565104166666666 0.057291666666666664 0.061197916666666664
