0 0.5104166666666666 0.2819010416666667 0.028645833333333332 0.032552083333333336
0 0.224609375 0.22916666666666666 0.024739583333333332 0.0234375
0 0.369140625 0.2819010416666667 0.024739583333333332 0.022135416666666668
0 0.7623697916666666 0.6009114583333334 0.03515625 0.04296875
0 0.4967447916666667 0.44140625 0.040364583333333336 0.041666666666666664
0 0.3522135416666667 0.12825520833333334 0.12890625 0.14192708333333334
0 0.951171875 0.46875 0.055989583333333336 0.0703125
0 0.6920572916666666 0.17122395833333334 0.07161458333333333 0.09244791666666667
0 0.16015625 0.3255208333333333 0.026041666666666668 0.028645833333333332
0 0.3411458333333333 0.7057291666666666 0.08333333333333333 0.06510416666666667
