0 0.109375 0.2955729166666667 0.08333333333333333 0.0703125
0 0.3079427083333333 0.13802083333333334 0.053385416666666664 0.026041666666666668
0 0.8639322916666666 0.87890625 0.10026041666666667 0.046875
0 0.9140625 0.2962239583333333 0.078125 0.10026041666666667
0 0.8606770833333334 0.845703125 0.2552083333333333 0.11067708333333333
0 0.6087239583333334 0.5384114583333334 0.01953125 0.01171875
0 0.47265625 0.23177083333333334 0.033854166666666664 0.0546875
0 0.10286458333333333 0.9563802083333334 0.203125 0.08723958333333333
0 0.4427083333333333 0.0390625 0.052083333333333336 0.041666666666666664
0 0.8587239583333334 0.045572916666666664 0.08463541666666667 0.06770833333333333
0 0.283203125 0.5162760416666666 0.06380208333333333 0.10546875
