0 0.3717447916666667 0.6595052083333334 0.032552083333333336 0.06640625
0 0.4296875 0.5852864583333334 0.010416666666666666 0.016927083333333332
0 0.2630208333333333 0.8248697916666666 0.0078125 0.016927083333333332
0 0.423828125 0.5859375 0.009114583333333334 0.015625
0 0.2506510416666667 0.8001302083333334 0.014322916666666666 0.01953125
0 0.25390625 0.7845052083333334 0.010416666666666666 0.016927083333333332
0 0.24609375 0.7845052083333334 0.010416666666666666 0.014322916666666666
0 0.3860677083333333 0.544921875 0.048177083333333336 0.09244791666666667
0 0.4205729166666667 0.5657552083333334 0.015625 0.024739583333333332
0 0.2610677083333333 0.7825520833333334 0.014322916666666666 0.020833333333333332
0 0.3450520833333333 0.6634114583333334 0.03125 0.06640625
0 0.3014322916666667 0.7721354166666666 0.016927083333333332 0.028645833333333332
0 0.2571614583333333 0.8255208333333334 0.01171875 0.020833333333333332
0 0.4772135416666667 0.24479166666666666 0.032552083333333336 0.018229166666666668
