0 0.7825520833333334 0.13606770833333334 0.0234375 0.01171875
0 0.85546875 0.11197916666666667 0.018229166666666668 0.013020833333333334
0 0.7630208333333334 0.361328125 0.028645833333333332 0.022135416666666668
0 0.7298177083333334 0.09309895833333333 0.022135416666666668 0.01953125
0 0.8177083333333334 0.234375 0.020833333333333332 0.010416666666666666
0 0.689453125 0.035807291666666664 0.022135416666666668 0.01171875
0 0.8313802083333334 0.13020833333333334 0.024739583333333332 0.013020833333333334
0 0.9329427083333334 0.23828125 0.01953125 0.020833333333333332
0 0.8678385416666666 0.13151041666666666 0.024739583333333332 0.015625
0 0.7408854166666666 0.13606770833333334 0.026041666666666668 0.022135416666666668
