0 0.7115885416666666 0.919921875 0.03515625 0.01953125
0 0.6907552083333334 0.2571614583333333 0.06640625 0.022135416666666668
0 0.396484375 0.21223958333333334 0.07421875 0.026041666666666668
0 0.9993489583333334 0.05078125 0.0013020833333333333 0.013020833333333334
0 0.5611979166666666 0.9453125 0.109375 0.049479166666666664
0 0.9602864583333334 0.4134114583333333 0.03515625 0.016927083333333332
0 0.451171875 0.669921875 0.06901041666666667 0.029947916666666668
0 0.95703125 0.4231770833333333 0.044270833333333336 0.013020833333333334
0 0.9518229166666666 0.4505208333333333 0.044270833333333336 0.018229166666666668
0 0.9524739583333334 0.4361979166666667 0.08463541666666667 0.033854166666666664
0 0.3763020833333333 0.4446614583333333 0.08072916666666667 0.040364583333333336
0 0.958984375 0.4583333333333333 0.032552083333333336 0.015625
0 0.8352864583333334 0.6373697916666666 0.06380208333333333 0.032552083333333336
