0 0.13997395833333334 0.947265625 0.055989583333333336 0.01953125
0 0.6927083333333334 0.3938802083333333 0.08072916666666667 0.02734375
0 0.4348958333333333 0.703125 0.028645833333333332 0.010416666666666666
0 0.4876302083333333 0.9674479166666666 0.09505208333333333 0.028645833333333332
0 0.043619791666666664 0.4016927083333333 0.08723958333333333 0.029947916666666668
0 0.9088541666666666 0.3255208333333333 0.057291666666666664 0.015625
0 0.10677083333333333 0.6087239583333334 0.06770833333333333 0.032552083333333336
0 0.4811197916666667 0.6901041666666666 0.04296875 0.020833333333333332
0 0.9088541666666666 0.3092447916666667 0.06770833333333333 0.032552083333333336
0 0.8053385416666666 0.8509114583333334 0.055989583333333336 0.01953125
0 0.4407552083333333 0.4231770833333333 0.061197916666666664 0.026041666666666668
