0 0.5755208333333334 0.3671875 0.020833333333333332 0.013020833333333334
0 0.8391927083333334 0.49609375 0.022135416666666668 0.010416666666666666
0 0.7571614583333334 0.890625 0.009114583333333334 0.010416666666666666
0 0.599609375 0.5970052083333334 0.022135416666666668 0.01953125
0 0.548828125 0.6106770833333334 0.022135416666666668 0.020833333333333332
0 0.501953125 0.7760416666666666 0.037760416666666664 0.020833333333333332
0 0.826171875 0.5110677083333334 0.01171875 0.024739583333333332
0 0.359375 0.7890625 0.0234375 0.015625
0 0.4427083333333333 0.6901041666666666 0.020833333333333332 0.015625
0 0.6048177083333334 0.6497395833333334 0.01953125 0.015625
0 0.6920572916666666 0.5891927083333334 0.016927083333333332 0.01171875
