0 0.8294270833333334 0.4986979166666667 0.026041666666666668 0.013020833333333334
0 0.9609375 0.92578125 0.07552083333333333 0.049479166666666664
0 0.5377604166666666 0.5677083333333334 0.07291666666666667 0.033854166666666664
0 0.7454427083333334 0.7825520833333334 0.040364583333333336 0.018229166666666668
0 0.6979166666666666 0.21484375 0.033854166666666664 0.03125
0 0.20247395833333334 0.7233072916666666 0.037760416666666664 0.024739583333333332
0 0.75 0.7727864583333334 0.044270833333333336 0.01953125
0 0.15690104166666666 0.8899739583333334 0.06640625 0.06380208333333333
0 0.361328125 0.9375 0.11067708333333333 0.1015625
0 0.7643229166666666 0.7610677083333334 0.0859375 0.040364583333333336
0 0.19921875 0.7389322916666666 0.0703125 0.05078125
0 0.96484375 0.9440104166666666 0.046875 0.026041666666666668
0 0.7643229166666666 0.7447916666666666 0.036458333333333336 0.018229166666666668
0 0.9088541666666666 0.040364583333333336 0.08854166666666667 0.059895833333333336
0 0.20963541666666666 0.7174479166666666 0.046875 0.036458333333333336
