0 0.9583333333333334 0.11653645833333333 0.057291666666666664 0.21223958333333334
0 0.8782552083333334 0.5826822916666666 0.03515625 0.05859375
0 0.55859375 0.486328125 0.03125 0.08723958333333333
0 0.9876302083333334 0.13606770833333334 0.022135416666666668 0.08723958333333333
0 0.515625 0.4772135416666667 0.0234375 0.05078125
0 0.8671875 0.5657552083333334 0.020833333333333332 0.032552083333333336
0 0.9251302083333334 0.08463541666666667 0.02734375 0.09635416666666667
0 0.5364583333333334 0.482421875 0.028645833333333332 0.05859375
0 0.8782552083333334 0.9850260416666666 0.022135416666666668 0.014322916666666666
0 0.50390625 0.9700520833333334 0.013020833333333334 0.015625
0 0.9192708333333334 0.857421875 0.013020833333333334 0.014322916666666666
0 0.3528645833333333 0.3828125 0.015625 0.015625
0 0.9811197916666666 0.23372395833333334 0.032552083333333336 0.024739583333333332
