0 0.3997395833333333 0.109375 0.028645833333333332 0.0390625
0 0.5338541666666666 0.2109375 0.028645833333333332 0.015625
0 0.5846354166666666 0.1796875 0.020833333333333332 0.0234375
0 0.3763020833333333 0.14518229166666666 0.0234375 0.02734375
0 0.607421875 0.16666666666666666 0.016927083333333332 0.015625
0 0.3190104166666667 0.07682291666666667 0.07552083333333333 0.13802083333333334
0 0.4348958333333333 0.18489583333333334 0.044270833333333336 0.0234375
0 0.435546875 0.07942708333333333 0.045572916666666664 0.036458333333333336
0 0.2923177083333333 0.11979166666666667 0.053385416666666664 0.09114583333333333
0 0.490234375 0.19791666666666666 0.04296875 0.0234375
0 0.2877604166666667 0.13671875 0.0234375 0.0390625
0 0.5546875 0.20052083333333334 0.020833333333333332 0.0234375
