0 0.4661458333333333 0.783203125 0.020833333333333332 0.009114583333333334
0 0.4010416666666667 0.6588541666666666 0.033854166666666664 0.049479166666666664
0 0.529296875 0.10286458333333333 0.01171875 0.015625
0 0.619140625 0.5006510416666666 0.016927083333333332 0.009114583333333334
0 0.5924479166666666 0.5325520833333334 0.013020833333333334 0.0078125
0 0.33984375 0.6458333333333334 0.015625 0.018229166666666668
0 0.6119791666666666 0.5065104166666666 0.018229166666666668 0.0078125
0 0.525390625 0.4915364583333333 0.01953125 0.01953125
0 0.5852864583333334 0.5416666666666666 0.01953125 0.010416666666666666
0 0.4602864583333333 0.826171875 0.01953125 0.01171875
0 0.630859375 0.4954427083333333 0.016927083333333332 0.009114583333333334
