0 0.798828125 0.7428385416666666 0.061197916666666664 0.03515625
0 0.2864583333333333 0.7024739583333334 0.0546875 0.03515625
0 0.8098958333333334 0.7506510416666666 0.0703125 0.037760416666666664
0 0.794921875 0.7317708333333334 0.053385416666666664 0.028645833333333332
0 0.4954427083333333 0.7122395833333334 0.055989583333333336 0.015625
0 0.24348958333333334 0.716796875 0.015625 0.009114583333333334
0 0.050130208333333336 0.8151041666666666 0.053385416666666664 0.03125
0 0.4231770833333333 0.23177083333333334 0.057291666666666664 0.033854166666666664
0 0.9583333333333334 0.4244791666666667 0.057291666666666664 0.0234375
0 0.9069010416666666 0.4375 0.024739583333333332 0.013020833333333334
