0 0.91015625 0.75390625 0.015625 0.020833333333333332
0 0.876953125 0.5110677083333334 0.016927083333333332 0.016927083333333332
0 0.935546875 0.091796875 0.016927083333333332 0.016927083333333332
0 0.8893229166666666 0.5553385416666666 0.018229166666666668 0.022135416666666668
0 0.91015625 0.24088541666666666 0.0078125 0.018229166666666668
0 0.8665364583333334 0.8131510416666666 0.016927083333333332 0.01953125
0 0.9264322916666666 0.4498697916666667 0.022135416666666668 0.022135416666666668
0 0.8697916666666666 0.4322916666666667 0.018229166666666668 0.0234375
0 0.8411458333333334 0.7122395833333334 0.018229166666666668 0.0234375
0 0.9296875 0.13802083333333334 0.015625 0.015625
0 0.9459635416666666 0.20833333333333334 0.014322916666666666 0.020833333333333332
0 0.8671875 0.3522135416666667 0.0234375 0.022135416666666668
