0 0.5260416666666666 0.6614583333333334 0.046875 0.026041666666666668
0 0.12369791666666667 0.384765625 0.13802083333333334 0.045572916666666664
0 0.4485677083333333 0.693359375 0.055989583333333336 0.03515625
0 0.5013020833333334 0.6998697916666666 0.19010416666666666 0.10546875
0 0.505859375 0.72265625 0.05859375 0.033854166666666664
0 0.9752604166666666 0.4264322916666667 0.033854166666666664 0.14192708333333334
0 0.4798177083333333 0.275390625 0.07161458333333333 0.10807291666666667
0 0.7604166666666666 0.08203125 0.033854166666666664 0.125
0 0.30078125 0.6888020833333334 0.036458333333333336 0.052083333333333336
0 0.13997395833333334 0.024088541666666668 0.14192708333333334 0.032552083333333336
