0 0.935546875 0.8795572916666666 0.09244791666666667 0.13671875
0 0.8541666666666666 0.3756510416666667 0.12239583333333333 0.08203125
0 0.2584635416666667 0.7513020833333334 0.02734375 0.09635416666666667
0 0.314453125 0.900390625 0.032552083333333336 0.024739583333333332
0 0.6067708333333334 0.030598958333333332 0.09635416666666667 0.045572916666666664
0 0.06966145833333333 0.5201822916666666 0.040364583333333336 0.08463541666666667
0 0.8483072916666666 0.5123697916666666 0.061197916666666664 0.03515625
0 0.3209635416666667 0.802734375 0.022135416666666668 0.08723958333333333
0 0.2916666666666667 0.783203125 0.057291666666666664 0.21223958333333334
0 0.8932291666666666 0.5260416666666666 0.026041666666666668 0.018229166666666668
