0 0.203125 0.4322916666666667 0.018229166666666668 0.0234375
0 0.24348958333333334 0.24088541666666666 0.0078125 0.018229166666666668
0 0.17447916666666666 0.7122395833333334 0.018229166666666668 0.0234375
0 0.2630208333333333 0.13802083333333334 0.015625 0.015625
0 0.21028645833333334 0.5110677083333334 0.016927083333333332 0.016927083333333332
0 0.22265625 0.5553385416666666 0.018229166666666668 0.022135416666666668
0 0.19986979166666666 0.8131510416666666 0.016927083333333332 0.01953125
0 0.20052083333333334 0.3522135416666667 0.0234375 0.022135416666666668
0 0.279296875 0.20833333333333334 0.014322916666666666 0.020833333333333332
0 0.259765625 0.4498697916666667 0.022135416666666668 0.022135416666666668
0 0.2688802083333333 0.091796875 0.016927083333333332 0.016927083333333332
0 0.24348958333333334 0.75390625 0.015625 0.020833333333333332
