0 0.2858072916666667 0.76953125 0.08463541666666667 0.033854166666666664
0 0.28515625 0.7838541666666666 0.044270833333333336 0.018229166666666668
0 0.7018229166666666 0.7239583333333334 0.0546875 0.0234375
0 0.4973958333333333 0.9856770833333334 0.036458333333333336 0.015625
0 0.2936197916666667 0.7467447916666666 0.03515625 0.016927083333333332
0 0.2903645833333333 0.7565104166666666 0.044270833333333336 0.013020833333333334
0 0.888671875 0.050130208333333336 0.022135416666666668 0.009114583333333334
0 0.3463541666666667 0.07942708333333333 0.078125 0.026041666666666668
0 0.16861979166666666 0.970703125 0.06380208333333333 0.032552083333333336
0 0.8919270833333334 0.061197916666666664 0.09114583333333333 0.028645833333333332
0 0.9993489583333334 0.591796875 0.0013020833333333333 0.01953125
0 0.2923177083333333 0.7916666666666666 0.032552083333333336 0.015625
0 0.4895833333333333 0.974609375 0.078125 0.037760416666666664
0 0.4791666666666667 0.96484375 0.046875 0.0234375
