0 0.032552083333333336 0.30078125 0.0390625 0.09635416666666667
0 0.059244791666666664 0.3046875 0.037760416666666664 0.09635416666666667
0 0.2571614583333333 0.1953125 0.045572916666666664 0.09114583333333333
0 0.18098958333333334 0.21158854166666666 0.044270833333333336 0.09244791666666667
0 0.3997395833333333 0.26953125 0.0625 0.03125
0 0.08268229166666667 0.26953125 0.01171875 0.028645833333333332
0 0.3033854166666667 0.21614583333333334 0.03125 0.07552083333333333
0 0.3333333333333333 0.20703125 0.028645833333333332 0.0859375
0 0.4869791666666667 0.2701822916666667 0.07291666666666667 0.032552083333333336
0 0.018229166666666668 0.267578125 0.013020833333333334 0.029947916666666668
