0 0.46484375 0.15755208333333334 0.08072916666666667 0.0625
0 0.4153645833333333 0.11197916666666667 0.07291666666666667 0.052083333333333336
0 0.4388020833333333 0.1328125 0.11979166666666667 0.09114583333333333
0 0.5143229166666666 0.544921875 0.044270833333333336 0.09244791666666667
0 0.6666666666666666 0.5403645833333334 0.028645833333333332 0.0859375
0 0.7330729166666666 0.6028645833333334 0.0625 0.03125
0 0.392578125 0.6380208333333334 0.037760416666666664 0.09635416666666667
0 0.3515625 0.6009114583333334 0.013020833333333334 0.029947916666666668
0 0.248046875 0.6282552083333334 0.032552083333333336 0.08984375
0 0.8203125 0.603515625 0.07291666666666667 0.032552083333333336
0 0.3658854166666667 0.6341145833333334 0.0390625 0.09635416666666667
0 0.416015625 0.6028645833333334 0.01171875 0.028645833333333332
0 0.63671875 0.5494791666666666 0.03125 0.07552083333333333
0 0.5904947916666666 0.5286458333333334 0.045572916666666664 0.09114583333333333
