0 0.125 0.53515625 0.0234375 0.0234375
0 0.17252604166666666 0.5872395833333334 0.029947916666666668 0.036458333333333336
0 0.13411458333333334 0.427734375 0.0234375 0.029947916666666668
0 0.240234375 0.6197916666666666 0.024739583333333332 0.033854166666666664
0 0.12239583333333333 0.4231770833333333 0.026041666666666668 0.03125
0 0.275390625 0.2421875 0.024739583333333332 0.046875
0 0.2819010416666667 0.65234375 0.029947916666666668 0.026041666666666668
0 0.20182291666666666 0.607421875 0.026041666666666668 0.037760416666666664
0 0.3255208333333333 0.037760416666666664 0.09114583333333333 0.07552083333333333
0 0.5514322916666666 0.318359375 0.022135416666666668 0.06380208333333333
0 0.23111979166666666 0.6106770833333334 0.01953125 0.036458333333333336
