0 0.3046875 0.642578125 0.026041666666666668 0.022135416666666668
0 0.3203125 0.6608072916666666 0.026041666666666668 0.022135416666666668
0 0.3776041666666667 0.6080729166666666 0.0546875 0.0390625
0 0.279296875 0.625 0.03515625 0.036458333333333336
0 0.3216145833333333 0.6197916666666666 0.028645833333333332 0.026041666666666668
0 0.24544270833333334 0.5970052083333334 0.037760416666666664 0.037760416666666664
0 0.2994791666666667 0.5963541666666666 0.036458333333333336 0.036458333333333336
0 0.2877604166666667 0.5670572916666666 0.0546875 0.040364583333333336
0 0.13216145833333334 0.458984375 0.01953125 0.009114583333333334
0 0.12825520833333334 0.4544270833333333 0.01171875 0.005208333333333333
