0 0.1640625 0.71484375 0.0078125 0.0078125
0 0.2669270833333333 0.673828125 0.010416666666666666 0.01171875
0 0.19791666666666666 0.759765625 0.010416666666666666 0.009114583333333334
0 0.5690104166666666 0.720703125 0.018229166666666668 0.024739583333333332
0 0.173828125 0.73046875 0.009114583333333334 0.010416666666666666
0 0.138671875 0.6529947916666666 0.016927083333333332 0.01171875
0 0.5787760416666666 0.6946614583333334 0.016927083333333332 0.024739583333333332
0 0.5045572916666666 0.8365885416666666 0.016927083333333332 0.02734375
0 0.20442708333333334 0.7662760416666666 0.0078125 0.009114583333333334
0 0.11197916666666667 0.6087239583333334 0.010416666666666666 0.009114583333333334
0 0.376953125 0.7532552083333334 0.01953125 0.032552083333333336
