0 0.23502604166666666 0.12630208333333334 0.014322916666666666 0.018229166666666668
0 0.28515625 0.11197916666666667 0.013020833333333334 0.015625
0 0.5807291666666666 0.08919270833333333 0.013020833333333334 0.01953125
0 0.3815104166666667 0.099609375 0.028645833333333332 0.03515625
0 0.21223958333333334 0.12955729166666666 0.010416666666666666 0.016927083333333332
0 0.3365885416666667 0.10026041666666667 0.01171875 0.010416666666666666
0 0.30078125 0.11002604166666667 0.018229166666666668 0.01953125
0 0.68359375 0.057942708333333336 0.018229166666666668 0.022135416666666668
0 0.22200520833333334 0.12434895833333333 0.009114583333333334 0.014322916666666666
0 0.11653645833333333 0.15690104166666666 0.01953125 0.01171875
0 0.6041666666666666 0.07747395833333333 0.026041666666666668 0.024739583333333332
0 0.23893229166666666 0.15755208333333334 0.016927083333333332 0.015625
0 0.12825520833333334 0.1484375 0.016927083333333332 0.010416666666666666
0 0.5397135416666666 0.08333333333333333 0.014322916666666666 0.015625
0 0.6315104166666666 0.06966145833333333 0.018229166666666668 0.024739583333333332
