0 0.3919270833333333 0.4967447916666667 0.028645833333333332 0.02734375
0 0.232421875 0.62890625 0.014322916666666666 0.015625
0 0.3489583333333333 0.5970052083333334 0.03125 0.024739583333333332
0 0.21223958333333334 0.6373697916666666 0.0078125 0.014322916666666666
0 0.20377604166666666 0.6380208333333334 0.009114583333333334 0.015625
0 0.3131510416666667 0.611328125 0.029947916666666668 0.022135416666666668
0 0.5950520833333334 0.11979166666666667 0.0234375 0.0234375
0 0.513671875 0.189453125 0.014322916666666666 0.014322916666666666
0 0.27734375 0.6165364583333334 0.010416666666666666 0.016927083333333332
0 0.2701822916666667 0.62109375 0.009114583333333334 0.013020833333333334
0 0.5970052083333334 0.22005208333333334 0.016927083333333332 0.015625
