0 0.2936197916666667 0.5032552083333334 0.01171875 0.01171875
0 0.24348958333333334 0.5013020833333334 0.013020833333333334 0.013020833333333334
0 0.3053385416666667 0.533203125 0.01171875 0.014322916666666666
0 0.4264322916666667 0.24609375 0.009114583333333334 0.010416666666666666
0 0.3541666666666667 0.34765625 0.015625 0.013020833333333334
0 0.3984375 0.17447916666666666 0.018229166666666668 0.015625
0 0.359375 0.39453125 0.015625 0.013020833333333334
0 0.25 0.5221354166666666 0.010416666666666666 0.010416666666666666
0 0.4244791666666667 0.3326822916666667 0.013020833333333334 0.01171875
0 0.17708333333333334 0.640625 0.013020833333333334 0.010416666666666666
0 0.3098958333333333 0.4674479166666667 0.013020833333333334 0.013020833333333334
