0 0.197265625 0.18424479166666666 0.01953125 0.01171875
0 0.12109375 0.75 0.020833333333333332 0.010416666666666666
0 0.3815104166666667 0.2669270833333333 0.013020833333333334 0.013020833333333334
0 0.12630208333333334 0.107421875 0.010416666666666666 0.016927083333333332
0 0.3736979166666667 0.2766927083333333 0.010416666666666666 0.009114583333333334
0 0.11002604166666667 0.051432291666666664 0.014322916666666666 0.01171875
0 0.271484375 0.14908854166666666 0.016927083333333332 0.01953125
0 0.06380208333333333 0.06575520833333333 0.0078125 0.01171875
0 0.3541666666666667 0.2858072916666667 0.013020833333333334 0.009114583333333334
0 0.20768229166666666 0.083984375 0.014322916666666666 0.016927083333333332
0 0.12630208333333334 0.09700520833333333 0.0078125 0.006510416666666667
0 0.314453125 0.16080729166666666 0.016927083333333332 0.022135416666666668
0 0.3684895833333333 0.2727864583333333 0.013020833333333334 0.01171875
0 0.22721354166666666 0.16015625 0.01171875 0.015625
0 0.185546875 0.1171875 0.01171875 0.018229166666666668
