0 0.8841145833333334 0.061197916666666664 0.049479166666666664 0.03125
0 0.6158854166666666 0.4453125 0.11458333333333333 0.041666666666666664
0 0.13020833333333334 0.3828125 0.033854166666666664 0.0234375
0 0.4967447916666667 0.20052083333333334 0.08463541666666667 0.015625
0 0.9694010416666666 0.189453125 0.045572916666666664 0.029947916666666668
0 0.8828125 0.279296875 0.013020833333333334 0.02734375
0 0.4459635416666667 0.19921875 0.009114583333333334 0.010416666666666666
0 0.48046875 0.21158854166666666 0.015625 0.009114583333333334
0 0.6712239583333334 0.2532552083333333 0.07942708333333333 0.032552083333333336
0 0.6354166666666666 0.25 0.013020833333333334 0.0078125
0 0.9596354166666666 0.1953125 0.018229166666666668 0.010416666666666666
0 0.9088541666666666 0.08333333333333333 0.018229166666666668 0.018229166666666668
