0 0.697265625 0.22265625 0.037760416666666664 0.041666666666666664
0 0.701171875 0.2819010416666667 0.10546875 0.055989583333333336
0 0.6959635416666666 0.251953125 0.08463541666666667 0.045572916666666664
0 0.7259114583333334 0.15885416666666666 0.05078125 0.0546875
0 0.6901041666666666 0.3092447916666667 0.09114583333333333 0.053385416666666664
0 0.587890625 0.11197916666666667 0.02734375 0.041666666666666664
0 0.7421875 0.18294270833333334 0.0234375 0.040364583333333336
0 0.75 0.21158854166666666 0.028645833333333332 0.037760416666666664
0 0.7630208333333334 0.2265625 0.026041666666666668 0.0390625
0 0.18815104166666666 0.11197916666666667 0.022135416666666668 0.020833333333333332
