0 0.5924479166666666 0.412109375 0.028645833333333332 0.009114583333333334
0 0.3912760416666667 0.4264322916666667 0.01953125 0.01953125
0 0.302734375 0.7486979166666666 0.022135416666666668 0.028645833333333332
0 0.2819010416666667 0.490234375 0.01953125 0.01953125
0 0.9440104166666666 0.7272135416666666 0.018229166666666668 0.009114583333333334
0 0.13736979166666666 0.4108072916666667 0.022135416666666668 0.022135416666666668
0 0.2994791666666667 0.3704427083333333 0.015625 0.006510416666666667
0 0.4049479166666667 0.537109375 0.026041666666666668 0.014322916666666666
0 0.603515625 0.8372395833333334 0.022135416666666668 0.026041666666666668
0 0.3645833333333333 0.4205729166666667 0.015625 0.0234375
0 0.67578125 0.96484375 0.013020833333333334 0.03125
0 0.8118489583333334 0.376953125 0.05078125 0.06380208333333333
