0 0.4876302083333333 0.06380208333333333 0.045572916666666664 0.018229166666666668
0 0.68359375 0.10286458333333333 0.010416666666666666 0.041666666666666664
0 0.484375 0.08333333333333333 0.046875 0.018229166666666668
0 0.5494791666666666 0.08984375 0.018229166666666668 0.005208333333333333
0 0.548828125 0.09440104166666667 0.016927083333333332 0.00390625
0 0.5501302083333334 0.10807291666666667 0.014322916666666666 0.005208333333333333
0 0.5494791666666666 0.11328125 0.013020833333333334 0.005208333333333333
0 0.55078125 0.09830729166666667 0.020833333333333332 0.006510416666666667
0 0.4856770833333333 0.07421875 0.046875 0.015625
0 0.5481770833333334 0.08658854166666667 0.013020833333333334 0.00390625
0 0.5462239583333334 0.08333333333333333 0.01171875 0.005208333333333333
0 0.5494791666666666 0.10286458333333333 0.0234375 0.0078125
