0 0.06640625 0.07552083333333333 0.026041666666666668 0.057291666666666664
0 0.050130208333333336 0.01171875 0.040364583333333336 0.020833333333333332
0 0.06901041666666667 0.030598958333333332 0.010416666666666666 0.024739583333333332
0 0.042317708333333336 0.06380208333333333 0.024739583333333332 0.059895833333333336
0 0.040364583333333336 0.024739583333333332 0.03125 0.018229166666666668
0 0.059895833333333336 0.034505208333333336 0.010416666666666666 0.016927083333333332
0 0.048177083333333336 0.01953125 0.03125 0.015625
0 0.041015625 0.115234375 0.016927083333333332 0.024739583333333332
0 0.07421875 0.12239583333333333 0.015625 0.028645833333333332
0 0.03125 0.11002604166666667 0.020833333333333332 0.02734375
0 0.053385416666666664 0.11653645833333333 0.015625 0.029947916666666668
0 0.06315104166666667 0.11979166666666667 0.01171875 0.026041666666666668
0 0.025390625 0.059895833333333336 0.01171875 0.03125
0 0.013020833333333334 0.059895833333333336 0.013020833333333334 0.036458333333333336
