0 0.16276041666666666 0.9108072916666666 0.013020833333333334 0.016927083333333332
0 0.8118489583333334 0.6725260416666666 0.022135416666666668 0.01171875
0 0.044270833333333336 0.9290364583333334 0.010416666666666666 0.01171875
0 0.072265625 0.9420572916666666 0.022135416666666668 0.03515625
0 0.154296875 0.9134114583333334 0.014322916666666666 0.01953125
0 0.9186197916666666 0.6171875 0.022135416666666668 0.010416666666666666
0 0.11328125 0.9192708333333334 0.013020833333333334 0.018229166666666668
0 0.12630208333333334 0.916015625 0.013020833333333334 0.016927083333333332
0 0.9694010416666666 0.5696614583333334 0.024739583333333332 0.009114583333333334
0 0.14518229166666666 0.916015625 0.014322916666666666 0.016927083333333332
0 0.10286458333333333 0.9212239583333334 0.015625 0.022135416666666668
