0 0.48046875 0.34375 0.005208333333333333 0.013020833333333334
0 0.08984375 0.5872395833333334 0.16145833333333334 0.0546875
0 0.4850260416666667 0.34375 0.006510416666666667 0.013020833333333334
0 0.4661458333333333 0.3326822916666667 0.015625 0.006510416666666667
0 0.4759114583333333 0.3430989583333333 0.006510416666666667 0.014322916666666666
0 0.4739583333333333 0.353515625 0.005208333333333333 0.01171875
0 0.4641927083333333 0.3541666666666667 0.014322916666666666 0.0078125
0 0.9811197916666666 0.05859375 0.01953125 0.09114583333333333
0 0.431640625 0.5475260416666666 0.20963541666666666 0.07942708333333333
0 0.9635416666666666 0.055989583333333336 0.018229166666666668 0.0859375
0 0.57421875 0.3072916666666667 0.015625 0.010416666666666666
0 0.3424479166666667 0.314453125 0.0546875 0.022135416666666668
