0 0.2981770833333333 0.9440104166666666 0.046875 0.026041666666666668
0 0.5546875 0.697265625 0.10677083333333333 0.04296875
0 0.2981770833333333 0.92578125 0.08333333333333333 0.049479166666666664
0 0.07877604166666667 0.7825520833333334 0.040364583333333336 0.018229166666666668
0 0.2421875 0.040364583333333336 0.08854166666666667 0.059895833333333336
0 0.03125 0.21484375 0.033854166666666664 0.03125
0 0.16276041666666666 0.4986979166666667 0.026041666666666668 0.013020833333333334
0 0.529296875 0.27734375 0.08463541666666667 0.052083333333333336
0 0.08333333333333333 0.7727864583333334 0.044270833333333336 0.01953125
0 0.4296875 0.4915364583333333 0.052083333333333336 0.053385416666666664
0 0.09765625 0.7447916666666666 0.036458333333333336 0.018229166666666668
0 0.09765625 0.7610677083333334 0.0859375 0.040364583333333336
