0 0.4166666666666667 0.544921875 0.028645833333333332 0.037760416666666664
0 0.3678385416666667 0.615234375 0.10546875 0.055989583333333336
0 0.755859375 0.4791666666666667 0.05859375 0.036458333333333336
0 0.4296875 0.5598958333333334 0.026041666666666668 0.0390625
0 0.3639322916666667 0.5559895833333334 0.037760416666666664 0.041666666666666664
0 0.7278645833333334 0.099609375 0.0703125 0.06901041666666667
0 0.4088541666666667 0.5162760416666666 0.0234375 0.040364583333333336
0 0.3567708333333333 0.642578125 0.09114583333333333 0.053385416666666664
0 0.76953125 0.5227864583333334 0.07291666666666667 0.05078125
0 0.767578125 0.5091145833333334 0.061197916666666664 0.0390625
0 0.392578125 0.4921875 0.05078125 0.0546875
0 0.7649739583333334 0.4967447916666667 0.05859375 0.037760416666666664
0 0.76171875 0.4876302083333333 0.052083333333333336 0.032552083333333336
0 0.2545572916666667 0.4453125 0.02734375 0.041666666666666664
0 0.3626302083333333 0.5852864583333334 0.08463541666666667 0.045572916666666664
