0 0.2532552083333333 0.9752604166666666 0.014322916666666666 0.015625
0 0.083984375 0.9049479166666666 0.009114583333333334 0.013020833333333334
0 0.11783854166666667 0.919921875 0.009114583333333334 0.014322916666666666
0 0.08723958333333333 0.6764322916666666 0.013020833333333334 0.006510416666666667
0 0.140625 0.92578125 0.015625 0.020833333333333332
0 0.09830729166666667 0.91015625 0.01171875 0.013020833333333334
0 0.07356770833333333 0.896484375 0.01171875 0.014322916666666666
0 0.29296875 0.994140625 0.013020833333333334 0.01171875
0 0.5885416666666666 0.8294270833333334 0.015625 0.013020833333333334
0 0.23763020833333334 0.7513020833333334 0.006510416666666667 0.0078125
0 0.09244791666666667 0.908203125 0.010416666666666666 0.01171875
