0 0.603515625 0.4895833333333333 0.006510416666666667 0.013020833333333334
0 0.7630208333333334 0.24934895833333334 0.010416666666666666 0.016927083333333332
0 0.7213541666666666 0.21028645833333334 0.046875 0.09505208333333333
0 0.5911458333333334 0.4654947916666667 0.013020833333333334 0.01953125
0 0.7571614583333334 0.2506510416666667 0.009114583333333334 0.016927083333333332
0 0.583984375 0.466796875 0.014322916666666666 0.022135416666666668
0 0.59765625 0.490234375 0.013020833333333334 0.01953125
0 0.6790364583333334 0.3274739583333333 0.029947916666666668 0.06640625
0 0.64453125 0.3919270833333333 0.028645833333333332 0.049479166666666664
0 0.6041666666666666 0.484375 0.005208333333333333 0.0078125
0 0.58984375 0.4908854166666667 0.013020833333333334 0.020833333333333332
0 0.7037760416666666 0.322265625 0.029947916666666668 0.06640625
