0 0.20182291666666666 0.60546875 0.018229166666666668 0.028645833333333332
0 0.234375 0.6041666666666666 0.020833333333333332 0.0390625
0 0.12890625 0.5201822916666666 0.0078125 0.006510416666666667
0 0.2421875 0.6178385416666666 0.0234375 0.032552083333333336
0 0.4967447916666667 0.8313802083333334 0.029947916666666668 0.02734375
0 0.3111979166666667 0.693359375 0.028645833333333332 0.022135416666666668
0 0.173828125 0.5852864583333334 0.024739583333333332 0.032552083333333336
0 0.12630208333333334 0.5338541666666666 0.0234375 0.020833333333333332
0 0.2845052083333333 0.6516927083333334 0.037760416666666664 0.029947916666666668
0 0.5963541666666666 0.55859375 0.0078125 0.005208333333333333
