0 0.4973958333333333 0.3815104166666667 0.0078125 0.0078125
0 0.7102864583333334 0.419921875 0.01953125 0.032552083333333336
0 0.5384114583333334 0.4329427083333333 0.009114583333333334 0.009114583333333334
0 0.5071614583333334 0.3971354166666667 0.009114583333333334 0.010416666666666666
0 0.837890625 0.5032552083333334 0.016927083333333332 0.02734375
0 0.90234375 0.3873697916666667 0.018229166666666668 0.024739583333333332
0 0.5989583333333334 0.3411458333333333 0.010416666666666666 0.010416666666666666
0 0.4453125 0.275390625 0.010416666666666666 0.009114583333333334
0 0.5319010416666666 0.4270833333333333 0.009114583333333334 0.0078125
0 0.912109375 0.361328125 0.016927083333333332 0.024739583333333332
0 0.4720052083333333 0.3196614583333333 0.016927083333333332 0.01171875
