0 0.8600260416666666 0.244140625 0.01171875 0.01953125
0 0.8248697916666666 0.15755208333333334 0.009114583333333334 0.010416666666666666
0 0.5572916666666666 0.055989583333333336 0.010416666666666666 0.015625
0 0.8391927083333334 0.18098958333333334 0.009114583333333334 0.013020833333333334
0 0.9329427083333334 0.470703125 0.045572916666666664 0.07682291666666667
0 0.5703125 0.06315104166666667 0.044270833333333336 0.048177083333333336
0 0.587890625 0.072265625 0.05078125 0.053385416666666664
0 0.5755208333333334 0.044270833333333336 0.013020833333333334 0.013020833333333334
0 0.560546875 0.059895833333333336 0.01171875 0.013020833333333334
0 0.5716145833333334 0.040364583333333336 0.015625 0.015625
