0 0.6204427083333334 0.4231770833333333 0.01171875 0.013020833333333334
0 0.3138020833333333 0.5787760416666666 0.0078125 0.009114583333333334
0 0.03515625 0.9928385416666666 0.018229166666666668 0.014322916666666666
0 0.2897135416666667 0.9713541666666666 0.01953125 0.018229166666666668
0 0.4798177083333333 0.5950520833333334 0.01953125 0.013020833333333334
0 0.21028645833333334 0.673828125 0.009114583333333334 0.014322916666666666
0 0.5716145833333334 0.5462239583333334 0.0234375 0.01953125
0 0.6380208333333334 0.4973958333333333 0.010416666666666666 0.013020833333333334
0 0.15494791666666666 0.8567708333333334 0.010416666666666666 0.015625
0 0.3997395833333333 0.5390625 0.013020833333333334 0.013020833333333334
0 0.2897135416666667 0.4947916666666667 0.02734375 0.015625
0 0.2838541666666667 0.748046875 0.015625 0.01953125
