0 0.23697916666666666 0.5462239583333334 0.0703125 0.03515625
0 0.23111979166666666 0.5729166666666666 0.06380208333333333 0.0234375
0 0.045572916666666664 0.5026041666666666 0.046875 0.06510416666666667
0 0.23307291666666666 0.6861979166666666 0.036458333333333336 0.0703125
0 0.24674479166666666 0.5872395833333334 0.05859375 0.028645833333333332
0 0.7936197916666666 0.8268229166666666 0.061197916666666664 0.0625
0 0.4850260416666667 0.6829427083333334 0.06640625 0.029947916666666668
0 0.4759114583333333 0.6640625 0.06640625 0.028645833333333332
0 0.5006510416666666 0.9381510416666666 0.029947916666666668 0.055989583333333336
0 0.287109375 0.8997395833333334 0.055989583333333336 0.06510416666666667
