0 0.21549479166666666 0.09440104166666667 0.016927083333333332 0.00390625
0 0.21484375 0.08658854166666667 0.013020833333333334 0.00390625
0 0.21614583333333334 0.10286458333333333 0.0234375 0.0078125
0 0.216796875 0.10807291666666667 0.014322916666666666 0.005208333333333333
0 0.212890625 0.08333333333333333 0.01171875 0.005208333333333333
0 0.21744791666666666 0.09830729166666667 0.020833333333333332 0.006510416666666667
0 0.154296875 0.06380208333333333 0.045572916666666664 0.018229166666666668
0 0.21614583333333334 0.11328125 0.013020833333333334 0.005208333333333333
0 0.15104166666666666 0.08333333333333333 0.046875 0.018229166666666668
0 0.21614583333333334 0.08984375 0.018229166666666668 0.005208333333333333
0 0.15234375 0.07421875 0.046875 0.015625
0 0.3502604166666667 0.10286458333333333 0.010416666666666666 0.041666666666666664
