0 0.24934895833333334 0.9186197916666666 0.09505208333333333 0.055989583333333336
0 0.73046875 0.6080729166666666 0.13802083333333334 0.078125
0 0.061197916666666664 0.13020833333333334 0.09114583333333333 0.044270833333333336
0 0.06575520833333333 0.14583333333333334 0.07942708333333333 0.036458333333333336
0 0.7493489583333334 0.6458333333333334 0.045572916666666664 0.0234375
0 0.7220052083333334 0.634765625 0.07682291666666667 0.04296875
0 0.17578125 0.7662760416666666 0.0546875 0.03515625
0 0.71875 0.5930989583333334 0.0703125 0.03515625
0 0.5677083333333334 0.13802083333333334 0.07552083333333333 0.046875
0 0.716796875 0.5826822916666666 0.05859375 0.03515625
