0 0.08138020833333333 0.48046875 0.016927083333333332 0.020833333333333332
0 0.057291666666666664 0.412109375 0.013020833333333334 0.02734375
0 0.09635416666666667 0.4576822916666667 0.010416666666666666 0.01171875
0 0.22786458333333334 0.3248697916666667 0.020833333333333332 0.024739583333333332
0 0.107421875 0.4505208333333333 0.01171875 0.010416666666666666
0 0.244140625 0.3470052083333333 0.01953125 0.022135416666666668
0 0.126953125 0.3997395833333333 0.016927083333333332 0.013020833333333334
0 0.22330729166666666 0.33203125 0.01171875 0.013020833333333334
0 0.14322916666666666 0.3899739583333333 0.010416666666666666 0.009114583333333334
0 0.08268229166666667 0.3782552083333333 0.01953125 0.016927083333333332
0 0.14583333333333334 0.3971354166666667 0.010416666666666666 0.010416666666666666
0 0.23372395833333334 0.3444010416666667 0.01171875 0.014322916666666666
0 0.130859375 0.4055989583333333 0.016927083333333332 0.016927083333333332
0 0.22005208333333334 0.3391927083333333 0.015625 0.016927083333333332
0 0.09309895833333333 0.4615885416666667 0.01171875 0.014322916666666666
