0 0.6171875 0.21549479166666666 0.0078125 0.01171875
0 0.6015625 0.08463541666666667 0.0078125 0.0078125
0 0.6256510416666666 0.18684895833333334 0.006510416666666667 0.006510416666666667
0 0.53515625 0.06380208333333333 0.005208333333333333 0.010416666666666666
0 0.572265625 0.125 0.009114583333333334 0.0078125
0 0.6015625 0.1015625 0.015625 0.013020833333333334
0 0.5904947916666666 0.064453125 0.006510416666666667 0.006510416666666667
0 0.5826822916666666 0.14713541666666666 0.006510416666666667 0.005208333333333333
0 0.5865885416666666 0.13411458333333334 0.006510416666666667 0.0078125
0 0.56640625 0.16145833333333334 0.0078125 0.0078125
0 0.5787760416666666 0.0625 0.00390625 0.010416666666666666
0 0.548828125 0.13606770833333334 0.006510416666666667 0.006510416666666667
0 0.5286458333333334 0.15169270833333334 0.0078125 0.006510416666666667
0 0.5611979166666666 0.11197916666666667 0.0078125 0.0078125
0 0.5625 0.14583333333333334 0.005208333333333333 0.0078125
