0 0.111328125 0.5182291666666666 0.037760416666666664 0.015625
0 0.5904947916666666 0.8665364583333334 0.08723958333333333 0.061197916666666664
0 0.8372395833333334 0.4674479166666667 0.10416666666666667 0.0390625
0 0.8483072916666666 0.447265625 0.029947916666666668 0.01171875
0 0.201171875 0.8645833333333334 0.08463541666666667 0.059895833333333336
0 0.3977864583333333 0.22526041666666666 0.053385416666666664 0.03125
0 0.9381510416666666 0.033203125 0.11848958333333333 0.040364583333333336
0 0.119140625 0.5403645833333334 0.11848958333333333 0.0546875
0 0.5963541666666666 0.047526041666666664 0.10416666666666667 0.040364583333333336
0 0.298828125 0.90234375 0.029947916666666668 0.020833333333333332
0 0.6119791666666666 0.06770833333333333 0.028645833333333332 0.010416666666666666
0 0.943359375 0.010416666666666666 0.037760416666666664 0.010416666666666666
0 0.6184895833333334 0.8600260416666666 0.026041666666666668 0.01953125
0 0.8854166666666666 0.859375 0.046875 0.0234375
