0 0.8932291666666666 0.134765625 0.0078125 0.01171875
0 0.80078125 0.22395833333333334 0.010416666666666666 0.0078125
0 0.8951822916666666 0.591796875 0.01171875 0.014322916666666666
0 0.8776041666666666 0.134765625 0.0078125 0.01171875
0 0.7278645833333334 0.24283854166666666 0.010416666666666666 0.01171875
0 0.8020833333333334 0.5299479166666666 0.0078125 0.013020833333333334
0 0.8059895833333334 0.34375 0.010416666666666666 0.013020833333333334
0 0.8860677083333334 0.8756510416666666 0.009114583333333334 0.014322916666666666
0 0.9720052083333334 0.103515625 0.01171875 0.01171875
0 0.4908854166666667 0.6829427083333334 0.015625 0.009114583333333334
