0 0.4765625 0.7233072916666666 0.010416666666666666 0.009114583333333334
0 0.5533854166666666 0.6725260416666666 0.015625 0.016927083333333332
0 0.4602864583333333 0.7330729166666666 0.016927083333333332 0.013020833333333334
0 0.4147135416666667 0.8138020833333334 0.016927083333333332 0.020833333333333332
0 0.4264322916666667 0.794921875 0.01171875 0.014322916666666666
0 0.5774739583333334 0.6803385416666666 0.01953125 0.022135416666666668
0 0.390625 0.7454427083333334 0.013020833333333334 0.02734375
0 0.5670572916666666 0.677734375 0.01171875 0.014322916666666666
0 0.4296875 0.791015625 0.010416666666666666 0.01171875
0 0.4641927083333333 0.7389322916666666 0.016927083333333332 0.016927083333333332
0 0.4407552083333333 0.7838541666666666 0.01171875 0.010416666666666666
0 0.416015625 0.7115885416666666 0.01953125 0.016927083333333332
0 0.556640625 0.6653645833333334 0.01171875 0.013020833333333334
0 0.4791666666666667 0.73046875 0.010416666666666666 0.010416666666666666
0 0.5611979166666666 0.658203125 0.020833333333333332 0.024739583333333332
