0 0.5944010416666666 0.44921875 0.014322916666666666 0.020833333333333332
0 0.75390625 0.232421875 0.015625 0.024739583333333332
0 0.634765625 0.4388020833333333 0.016927083333333332 0.028645833333333332
0 0.7571614583333334 0.2526041666666667 0.009114583333333334 0.015625
0 0.15885416666666666 0.359375 0.0078125 0.013020833333333334
0 0.6783854166666666 0.330078125 0.03125 0.06640625
0 0.7194010416666666 0.21158854166666666 0.048177083333333336 0.09244791666666667
0 0.5904947916666666 0.4921875 0.01171875 0.020833333333333332
0 0.5963541666666666 0.4915364583333333 0.0078125 0.016927083333333332
0 0.16341145833333334 0.4173177083333333 0.009114583333333334 0.01171875
0 0.7630208333333334 0.251953125 0.010416666666666666 0.016927083333333332
0 0.705078125 0.326171875 0.032552083333333336 0.06640625
0 0.5794270833333334 0.451171875 0.010416666666666666 0.014322916666666666
0 0.5872395833333334 0.451171875 0.010416666666666666 0.016927083333333332
0 0.583984375 0.466796875 0.014322916666666666 0.01953125
