0 0.3287760416666667 0.6243489583333334 0.022135416666666668 0.032552083333333336
0 0.3684895833333333 0.548828125 0.041666666666666664 0.061197916666666664
0 0.3274739583333333 0.6412760416666666 0.0013020833333333333 0.0013020833333333333
0 0.189453125 0.24348958333333334 0.10807291666666667 0.07291666666666667
0 0.31640625 0.66015625 0.028645833333333332 0.033854166666666664
0 0.3346354166666667 0.7903645833333334 0.046875 0.059895833333333336
0 0.7154947916666666 0.8606770833333334 0.07942708333333333 0.1484375
0 0.4680989583333333 0.474609375 0.03515625 0.05078125
0 0.3795572916666667 0.556640625 0.040364583333333336 0.061197916666666664
0 0.6946614583333334 0.6966145833333334 0.08463541666666667 0.057291666666666664
0 0.431640625 0.4654947916666667 0.040364583333333336 0.05859375
0 0.419921875 0.4596354166666667 0.045572916666666664 0.0625
0 0.361328125 0.6614583333333334 0.04296875 0.059895833333333336
0 0.4114583333333333 0.576171875 0.041666666666666664 0.05859375
0 0.30859375 0.6536458333333334 0.026041666666666668 0.033854166666666664
