0 0.4296875 0.24934895833333334 0.010416666666666666 0.016927083333333332
0 0.423828125 0.2506510416666667 0.009114583333333334 0.016927083333333332
0 0.2578125 0.4654947916666667 0.013020833333333334 0.01953125
0 0.3880208333333333 0.21028645833333334 0.046875 0.09505208333333333
0 0.2701822916666667 0.4895833333333333 0.006510416666666667 0.013020833333333334
0 0.2565104166666667 0.4908854166666667 0.013020833333333334 0.020833333333333332
0 0.2708333333333333 0.484375 0.005208333333333333 0.0078125
0 0.345703125 0.3274739583333333 0.029947916666666668 0.06640625
0 0.2506510416666667 0.466796875 0.014322916666666666 0.022135416666666668
0 0.2643229166666667 0.490234375 0.013020833333333334 0.01953125
0 0.3111979166666667 0.3919270833333333 0.028645833333333332 0.049479166666666664
0 0.3704427083333333 0.322265625 0.029947916666666668 0.06640625
