0 0.236328125 0.6666666666666666 0.009114583333333334 0.020833333333333332
0 0.7213541666666666 0.544921875 0.013020833333333334 0.014322916666666666
0 0.560546875 0.58984375 0.006510416666666667 0.0078125
0 0.69921875 0.5859375 0.015625 0.013020833333333334
0 0.6360677083333334 0.58203125 0.016927083333333332 0.013020833333333334
0 0.22005208333333334 0.634765625 0.018229166666666668 0.014322916666666666
0 0.7955729166666666 0.4498697916666667 0.0078125 0.006510416666666667
0 0.6673177083333334 0.6204427083333334 0.014322916666666666 0.014322916666666666
0 0.72265625 0.4479166666666667 0.013020833333333334 0.010416666666666666
0 0.3880208333333333 0.7037760416666666 0.028645833333333332 0.024739583333333332
0 0.779296875 0.458984375 0.006510416666666667 0.006510416666666667
0 0.8561197916666666 0.4791666666666667 0.014322916666666666 0.018229166666666668
