0 0.17447916666666666 0.9016927083333334 0.010416666666666666 0.016927083333333332
0 0.15364583333333334 0.9505208333333334 0.03125 0.026041666666666668
0 0.3274739583333333 0.8795572916666666 0.009114583333333334 0.014322916666666666
0 0.19401041666666666 0.87890625 0.013020833333333334 0.018229166666666668
0 0.18424479166666666 0.91796875 0.01171875 0.018229166666666668
0 0.3658854166666667 0.6048177083333334 0.015625 0.009114583333333334
0 0.3639322916666667 0.6380208333333334 0.01953125 0.010416666666666666
0 0.18359375 0.9016927083333334 0.0078125 0.016927083333333332
0 0.19270833333333334 0.90234375 0.010416666666666666 0.020833333333333332
0 0.78125 0.6803385416666666 0.026041666666666668 0.01953125
0 0.18619791666666666 0.876953125 0.013020833333333334 0.016927083333333332
