0 0.22786458333333334 0.26953125 0.0546875 0.03125
0 0.53515625 0.9654947916666666 0.1171875 0.06901041666666667
0 0.669921875 0.7565104166666666 0.024739583333333332 0.03125
0 0.19401041666666666 0.3046875 0.109375 0.044270833333333336
0 0.646484375 0.04296875 0.014322916666666666 0.049479166666666664
0 0.3059895833333333 0.3671875 0.06510416666666667 0.028645833333333332
0 0.6328125 0.047526041666666664 0.018229166666666668 0.053385416666666664
0 0.6399739583333334 0.04296875 0.01171875 0.044270833333333336
0 0.33203125 0.357421875 0.140625 0.07161458333333333
0 0.6256510416666666 0.045572916666666664 0.016927083333333332 0.046875
