0 0.7220052083333334 0.2975260416666667 0.009114583333333334 0.02734375
0 0.5338541666666666 0.232421875 0.020833333333333332 0.032552083333333336
0 0.8196614583333334 0.5709635416666666 0.014322916666666666 0.016927083333333332
0 0.7805989583333334 0.3020833333333333 0.02734375 0.028645833333333332
0 0.5859375 0.5240885416666666 0.013020833333333334 0.014322916666666666
0 0.8157552083333334 0.31640625 0.07942708333333333 0.09375
0 0.18229166666666666 0.14388020833333334 0.0234375 0.05078125
0 0.544921875 0.6516927083333334 0.022135416666666668 0.014322916666666666
0 0.203125 0.14908854166666666 0.028645833333333332 0.05859375
0 0.544921875 0.24934895833333334 0.03515625 0.05859375
0 0.17057291666666666 0.63671875 0.013020833333333334 0.015625
0 0.7083333333333334 0.3118489583333333 0.018229166666666668 0.05078125
0 0.01953125 0.049479166666666664 0.015625 0.015625
0 0.22526041666666666 0.15299479166666666 0.03125 0.08723958333333333
