0 0.22395833333333334 0.8255208333333334 0.044270833333333336 0.015625
0 0.23893229166666666 0.8079427083333334 0.10546875 0.032552083333333336
0 0.7369791666666666 0.5592447916666666 0.10416666666666667 0.037760416666666664
0 0.6243489583333334 0.904296875 0.022135416666666668 0.01171875
0 0.22135416666666666 0.3430989583333333 0.10416666666666667 0.03515625
0 0.517578125 0.6282552083333334 0.05859375 0.022135416666666668
0 0.482421875 0.21223958333333334 0.04296875 0.026041666666666668
0 0.4654947916666667 0.9752604166666666 0.053385416666666664 0.026041666666666668
0 0.7565104166666666 0.7981770833333334 0.03125 0.015625
0 0.14192708333333334 0.5748697916666666 0.0859375 0.02734375
