0 0.2877604166666667 0.13346354166666666 0.013020833333333334 0.01171875
0 0.958984375 0.11979166666666667 0.053385416666666664 0.09114583333333333
0 0.517578125 0.18815104166666666 0.01953125 0.009114583333333334
0 0.5345052083333334 0.10677083333333333 0.024739583333333332 0.028645833333333332
0 0.162109375 0.017578125 0.014322916666666666 0.014322916666666666
0 0.2604166666666667 0.024739583333333332 0.015625 0.015625
0 0.4739583333333333 0.06901041666666667 0.018229166666666668 0.015625
0 0.22005208333333334 0.0546875 0.010416666666666666 0.010416666666666666
0 0.5989583333333334 0.053385416666666664 0.015625 0.013020833333333334
0 0.3977864583333333 0.10481770833333333 0.01171875 0.01171875
0 0.9733072916666666 0.07161458333333333 0.05078125 0.12760416666666666
0 0.9544270833333334 0.13671875 0.0234375 0.0390625
0 0.4309895833333333 0.154296875 0.013020833333333334 0.01171875
0 0.4791666666666667 0.138671875 0.013020833333333334 0.014322916666666666
0 0.599609375 0.08528645833333333 0.014322916666666666 0.014322916666666666
