0 0.4264322916666667 0.3834635416666667 0.07421875 0.040364583333333336
0 0.14322916666666666 0.4173177083333333 0.0703125 0.037760416666666664
0 0.6861979166666666 0.16666666666666666 0.046875 0.015625
0 0.240234375 0.10416666666666667 0.024739583333333332 0.013020833333333334
0 0.13216145833333334 0.4095052083333333 0.061197916666666664 0.03515625
0 0.4192708333333333 0.3736979166666667 0.0546875 0.028645833333333332
0 0.4856770833333333 0.1171875 0.046875 0.015625
0 0.12825520833333334 0.3984375 0.053385416666666664 0.028645833333333332
0 0.8899739583333334 0.38671875 0.053385416666666664 0.026041666666666668
0 0.8893229166666666 0.37109375 0.06510416666666667 0.036458333333333336
0 0.2916666666666667 0.09114583333333333 0.057291666666666664 0.0234375
