0 0.8860677083333334 0.2884114583333333 0.055989583333333336 0.06901041666666667
0 0.7220052083333334 0.2936197916666667 0.032552083333333336 0.053385416666666664
0 0.734375 0.3001302083333333 0.033854166666666664 0.053385416666666664
0 0.2936197916666667 0.7259114583333334 0.07421875 0.07682291666666667
0 0.912109375 0.54296875 0.06640625 0.06510416666666667
0 0.015625 0.20182291666666666 0.015625 0.026041666666666668
0 0.634765625 0.7571614583333334 0.08463541666666667 0.09505208333333333
0 0.841796875 0.031901041666666664 0.022135416666666668 0.04296875
0 0.830078125 0.027994791666666668 0.029947916666666668 0.05078125
0 0.65625 0.7623697916666666 0.0703125 0.07682291666666667
0 0.03125 0.55078125 0.010416666666666666 0.010416666666666666
0 0.026692708333333332 0.20182291666666666 0.016927083333333332 0.0234375
