0 0.5436197916666666 0.814453125 0.016927083333333332 0.009114583333333334
0 0.08463541666666667 0.333984375 0.0078125 0.006510416666666667
0 0.859375 0.8248697916666666 0.0234375 0.009114583333333334
0 0.2962239583333333 0.9388020833333334 0.016927083333333332 0.0078125
0 0.6165364583333334 0.9947916666666666 0.029947916666666668 0.010416666666666666
0 0.3313802083333333 0.3404947916666667 0.01171875 0.00390625
0 0.107421875 0.6998697916666666 0.014322916666666666 0.016927083333333332
0 0.3359375 0.3359375 0.010416666666666666 0.005208333333333333
0 0.3118489583333333 0.361328125 0.01171875 0.006510416666666667
0 0.08138020833333333 0.3424479166666667 0.009114583333333334 0.005208333333333333
