0 0.5279947916666666 0.18359375 0.040364583333333336 0.036458333333333336
0 0.662109375 0.10091145833333333 0.009114583333333334 0.022135416666666668
0 0.53125 0.17057291666666666 0.020833333333333332 0.015625
0 0.5403645833333334 0.986328125 0.041666666666666664 0.016927083333333332
0 0.6217447916666666 0.1171875 0.02734375 0.06510416666666667
0 0.55859375 0.19466145833333334 0.020833333333333332 0.014322916666666666
0 0.3567708333333333 0.5403645833333334 0.015625 0.0234375
0 0.6009114583333334 0.91015625 0.01953125 0.020833333333333332
0 0.39453125 0.11588541666666667 0.020833333333333332 0.013020833333333334
0 0.646484375 0.11653645833333333 0.024739583333333332 0.05859375
