0 0.20703125 0.9817708333333334 0.013020833333333334 0.013020833333333334
0 0.15494791666666666 0.9459635416666666 0.015625 0.01171875
0 0.06315104166666667 0.9095052083333334 0.009114583333333334 0.01171875
0 0.19921875 0.9752604166666666 0.013020833333333334 0.013020833333333334
0 0.19075520833333334 0.9654947916666666 0.014322916666666666 0.014322916666666666
0 0.12630208333333334 0.9342447916666666 0.015625 0.016927083333333332
0 0.10807291666666667 0.98828125 0.026041666666666668 0.0234375
0 0.08463541666666667 0.91015625 0.013020833333333334 0.015625
0 0.07486979166666667 0.9075520833333334 0.01171875 0.015625
0 0.16536458333333334 0.9537760416666666 0.015625 0.016927083333333332
0 0.033854166666666664 0.9576822916666666 0.015625 0.016927083333333332
0 0.17708333333333334 0.966796875 0.020833333333333332 0.01953125
0 0.059244791666666664 0.90234375 0.014322916666666666 0.015625
0 0.13997395833333334 0.9401041666666666 0.016927083333333332 0.018229166666666668
