0 0.12044270833333333 0.7897135416666666 0.06380208333333333 0.053385416666666664
0 0.984375 0.2955729166666667 0.010416666666666666 0.0078125
0 0.328125 0.42578125 0.010416666666666666 0.0234375
0 0.22005208333333334 0.4303385416666667 0.028645833333333332 0.037760416666666664
0 0.236328125 0.4166666666666667 0.02734375 0.028645833333333332
0 0.3138020833333333 0.2864583333333333 0.018229166666666668 0.010416666666666666
0 0.4309895833333333 0.3170572916666667 0.018229166666666668 0.01953125
0 0.34765625 0.2760416666666667 0.015625 0.013020833333333334
0 0.2884114583333333 0.5794270833333334 0.029947916666666668 0.0234375
0 0.22916666666666666 0.4290364583333333 0.0234375 0.032552083333333336
