0 0.4934895833333333 0.544921875 0.013020833333333334 0.009114583333333334
0 0.5065104166666666 0.5240885416666666 0.0078125 0.009114583333333334
0 0.521484375 0.5325520833333334 0.006510416666666667 0.010416666666666666
0 0.9322916666666666 0.3815104166666667 0.015625 0.018229166666666668
0 0.544921875 0.5358072916666666 0.009114583333333334 0.014322916666666666
0 0.5533854166666666 0.5364583333333334 0.013020833333333334 0.018229166666666668
0 0.515625 0.5240885416666666 0.0078125 0.009114583333333334
0 0.5266927083333334 0.5345052083333334 0.006510416666666667 0.01171875
0 0.8899739583333334 0.4680989583333333 0.014322916666666666 0.01953125
0 0.533203125 0.5377604166666666 0.009114583333333334 0.013020833333333334
