0 0.4029947916666667 0.7109375 0.016927083333333332 0.005208333333333333
0 0.4055989583333333 0.7135416666666666 0.00390625 0.0026041666666666665
0 0.4016927083333333 0.71484375 0.009114583333333334 0.0026041666666666665
0 0.055338541666666664 0.275390625 0.022135416666666668 0.022135416666666668
0 0.11393229166666667 0.6158854166666666 0.009114583333333334 0.0234375
0 0.41015625 0.7649739583333334 0.018229166666666668 0.006510416666666667
0 0.4010416666666667 0.720703125 0.0078125 0.00390625
0 0.4010416666666667 0.7180989583333334 0.010416666666666666 0.00390625
0 0.1796875 0.06575520833333333 0.015625 0.022135416666666668
0 0.2421875 0.016276041666666668 0.015625 0.029947916666666668
0 0.23046875 0.16276041666666666 0.018229166666666668 0.013020833333333334
0 0.3977864583333333 0.4837239583333333 0.009114583333333334 0.009114583333333334
0 0.4641927083333333 0.5755208333333334 0.01171875 0.020833333333333332
