0 0.4459635416666667 0.12565104166666666 0.006510416666666667 0.006510416666666667
0 0.0546875 0.3704427083333333 0.028645833333333332 0.024739583333333332
0 0.333984375 0.287109375 0.014322916666666666 0.014322916666666666
0 0.3893229166666667 0.11458333333333333 0.013020833333333334 0.010416666666666666
0 0.302734375 0.24869791666666666 0.016927083333333332 0.013020833333333334
0 0.4622395833333333 0.11653645833333333 0.0078125 0.006510416666666667
0 0.22721354166666666 0.2565104166666667 0.006510416666666667 0.0078125
0 0.5227864583333334 0.14583333333333334 0.014322916666666666 0.018229166666666668
0 0.3658854166666667 0.2526041666666667 0.015625 0.013020833333333334
0 0.3880208333333333 0.21158854166666666 0.013020833333333334 0.014322916666666666
