0 0.5540364583333334 0.521484375 0.01171875 0.006510416666666667
0 0.9791666666666666 0.7571614583333334 0.0078125 0.01171875
0 0.3541666666666667 0.5852864583333334 0.013020833333333334 0.006510416666666667
0 0.9270833333333334 0.564453125 0.010416666666666666 0.01171875
0 0.9596354166666666 0.736328125 0.026041666666666668 0.006510416666666667
0 0.986328125 0.7604166666666666 0.01171875 0.013020833333333334
0 0.9576822916666666 0.7291666666666666 0.024739583333333332 0.0078125
0 0.99609375 0.7591145833333334 0.005208333333333333 0.010416666666666666
0 0.591796875 0.5071614583333334 0.01171875 0.006510416666666667
0 0.6861979166666666 0.4869791666666667 0.013020833333333334 0.0078125
0 0.9908854166666666 0.7630208333333334 0.005208333333333333 0.0078125
