0 0.5325520833333334 0.8971354166666666 0.010416666666666666 0.0078125
0 0.8580729166666666 0.5227864583333334 0.010416666666666666 0.01171875
0 0.5546875 0.91796875 0.010416666666666666 0.005208333333333333
0 0.5162760416666666 0.5305989583333334 0.00390625 0.006510416666666667
0 0.5481770833333334 0.900390625 0.010416666666666666 0.009114583333333334
0 0.7369791666666666 0.15104166666666666 0.005208333333333333 0.005208333333333333
0 0.5657552083333334 0.9856770833333334 0.014322916666666666 0.010416666666666666
0 0.576171875 0.4329427083333333 0.01171875 0.01171875
0 0.5930989583333334 0.4947916666666667 0.009114583333333334 0.0078125
0 0.6041666666666666 0.4251302083333333 0.010416666666666666 0.006510416666666667
0 0.5325520833333334 0.5338541666666666 0.010416666666666666 0.005208333333333333
