0 0.2532552083333333 0.4674479166666667 0.006510416666666667 0.0078125
0 0.2571614583333333 0.3977864583333333 0.006510416666666667 0.006510416666666667
0 0.24544270833333334 0.3958333333333333 0.00390625 0.010416666666666666
0 0.23893229166666666 0.4583333333333333 0.009114583333333334 0.0078125
0 0.22916666666666666 0.4791666666666667 0.005208333333333333 0.0078125
0 0.22786458333333334 0.4453125 0.0078125 0.0078125
0 0.20182291666666666 0.3971354166666667 0.005208333333333333 0.010416666666666666
0 0.1953125 0.4850260416666667 0.0078125 0.006510416666666667
0 0.21549479166666666 0.4694010416666667 0.006510416666666667 0.006510416666666667
0 0.2682291666666667 0.41796875 0.0078125 0.0078125
0 0.2682291666666667 0.4348958333333333 0.015625 0.013020833333333334
0 0.2923177083333333 0.5201822916666666 0.006510416666666667 0.006510416666666667
0 0.24934895833333334 0.48046875 0.006510416666666667 0.005208333333333333
0 0.2838541666666667 0.548828125 0.0078125 0.01171875
0 0.23307291666666666 0.4947916666666667 0.0078125 0.0078125
