0 0.6328125 0.2630208333333333 0.036458333333333336 0.036458333333333336
0 0.4615885416666667 0.12109375 0.01171875 0.005208333333333333
0 0.4654947916666667 0.12565104166666666 0.01953125 0.009114583333333334
0 0.7109375 0.2747395833333333 0.0546875 0.0390625
0 0.6126302083333334 0.2916666666666667 0.03515625 0.036458333333333336
0 0.5787760416666666 0.263671875 0.037760416666666664 0.037760416666666664
0 0.6536458333333334 0.3274739583333333 0.026041666666666668 0.022135416666666668
0 0.6380208333333334 0.3092447916666667 0.026041666666666668 0.022135416666666668
0 0.62109375 0.23372395833333334 0.0546875 0.040364583333333336
0 0.6555989583333334 0.2864583333333333 0.02734375 0.026041666666666668
