0 0.3919270833333333 0.830078125 0.028645833333333332 0.02734375
0 0.232421875 0.9622395833333334 0.014322916666666666 0.015625
0 0.5970052083333334 0.5533854166666666 0.016927083333333332 0.015625
0 0.3489583333333333 0.9303385416666666 0.03125 0.024739583333333332
0 0.21223958333333334 0.970703125 0.0078125 0.014322916666666666
0 0.2701822916666667 0.9544270833333334 0.009114583333333334 0.013020833333333334
0 0.27734375 0.9498697916666666 0.010416666666666666 0.016927083333333332
0 0.5950520833333334 0.453125 0.0234375 0.0234375
0 0.3131510416666667 0.9446614583333334 0.029947916666666668 0.022135416666666668
0 0.513671875 0.5227864583333334 0.014322916666666666 0.014322916666666666
0 0.20377604166666666 0.9713541666666666 0.009114583333333334 0.015625
