0 0.6510416666666666 0.6126302083333334 0.005208333333333333 0.006510416666666667
0 0.6471354166666666 0.6243489583333334 0.0078125 0.009114583333333334
0 0.642578125 0.6614583333333334 0.00390625 0.005208333333333333
0 0.64453125 0.6373697916666666 0.005208333333333333 0.006510416666666667
0 0.5481770833333334 0.6171875 0.0078125 0.005208333333333333
0 0.658203125 0.6549479166666666 0.006510416666666667 0.005208333333333333
0 0.63671875 0.6126302083333334 0.0078125 0.00390625
0 0.625 0.6087239583333334 0.0078125 0.006510416666666667
0 0.6432291666666666 0.6451822916666666 0.005208333333333333 0.006510416666666667
0 0.6647135416666666 0.6510416666666666 0.009114583333333334 0.0078125
0 0.6432291666666666 0.6692708333333334 0.005208333333333333 0.005208333333333333
0 0.6419270833333334 0.6529947916666666 0.005208333333333333 0.006510416666666667
