0 0.5 0.4602864583333333 0.0234375 0.032552083333333336
0 0.4837239583333333 0.4680989583333333 0.022135416666666668 0.040364583333333336
0 0.4947916666666667 0.3138020833333333 0.010416666666666666 0.0390625
0 0.9993489583333334 0.64453125 0.0013020833333333333 0.018229166666666668
0 0.4635416666666667 0.169921875 0.026041666666666668 0.09505208333333333
0 0.4680989583333333 0.047526041666666664 0.029947916666666668 0.09505208333333333
0 0.20833333333333334 0.7272135416666666 0.20572916666666666 0.21484375
0 0.10091145833333333 0.44921875 0.19140625 0.20572916666666666
0 0.4817708333333333 0.171875 0.026041666666666668 0.0859375
0 0.4967447916666667 0.15950520833333334 0.02734375 0.10546875
