0 0.62109375 0.5696614583333334 0.015625 0.009114583333333334
0 0.6165364583333334 0.09635416666666667 0.016927083333333332 0.0234375
0 0.6796875 0.12825520833333334 0.005208333333333333 0.00390625
0 0.3509114583333333 0.19856770833333334 0.024739583333333332 0.009114583333333334
0 0.7024739583333334 0.12825520833333334 0.022135416666666668 0.01171875
0 0.6927083333333334 0.11979166666666667 0.026041666666666668 0.010416666666666666
0 0.6940104166666666 0.12955729166666666 0.0234375 0.01171875
0 0.3229166666666667 0.16861979166666666 0.020833333333333332 0.014322916666666666
0 0.693359375 0.11263020833333333 0.024739583333333332 0.016927083333333332
0 0.3040364583333333 0.140625 0.01953125 0.026041666666666668
0 0.3619791666666667 0.21028645833333334 0.015625 0.024739583333333332
0 0.716796875 0.10481770833333333 0.009114583333333334 0.024739583333333332
