0 0.41796875 0.556640625 0.036458333333333336 0.029947916666666668
0 0.4290364583333333 0.568359375 0.05078125 0.045572916666666664
0 0.11328125 0.568359375 0.020833333333333332 0.016927083333333332
0 0.171875 0.6009114583333334 0.046875 0.03515625
0 0.4114583333333333 0.55078125 0.033854166666666664 0.028645833333333332
0 0.7161458333333334 0.70703125 0.044270833333333336 0.033854166666666664
0 0.134765625 0.5716145833333334 0.06640625 0.057291666666666664
0 0.439453125 0.5833333333333334 0.04296875 0.036458333333333336
0 0.701171875 0.685546875 0.037760416666666664 0.024739583333333332
0 0.6946614583333334 0.673828125 0.048177083333333336 0.03515625
0 0.15104166666666666 0.5911458333333334 0.078125 0.06770833333333333
