0 0.4661458333333333 0.9895833333333334 0.010416666666666666 0.0078125
0 0.9147135416666666 0.4934895833333333 0.014322916666666666 0.010416666666666666
0 0.4947916666666667 0.9407552083333334 0.0078125 0.01171875
0 0.4934895833333333 0.919921875 0.010416666666666666 0.009114583333333334
0 0.5169270833333334 0.9212239583333334 0.013020833333333334 0.009114583333333334
0 0.4830729166666667 0.9915364583333334 0.010416666666666666 0.009114583333333334
0 0.3912760416666667 0.251953125 0.20182291666666666 0.17057291666666666
0 0.4869791666666667 0.9928385416666666 0.0078125 0.006510416666666667
0 0.9192708333333334 0.47265625 0.010416666666666666 0.0078125
0 0.4401041666666667 0.9544270833333334 0.013020833333333334 0.010416666666666666
0 0.4947916666666667 0.96484375 0.0078125 0.010416666666666666
0 0.5774739583333334 0.8854166666666666 0.014322916666666666 0.010416666666666666
0 0.8561197916666666 0.5162760416666666 0.01171875 0.01171875
