0 0.958984375 0.18684895833333334 0.006510416666666667 0.006510416666666667
0 0.9055989583333334 0.125 0.009114583333333334 0.0078125
0 0.9505208333333334 0.21549479166666666 0.0078125 0.01171875
0 0.9348958333333334 0.1015625 0.015625 0.013020833333333334
0 0.8619791666666666 0.15169270833333334 0.0078125 0.006510416666666667
0 0.8958333333333334 0.14583333333333334 0.005208333333333333 0.0078125
0 0.912109375 0.0625 0.00390625 0.010416666666666666
0 0.8997395833333334 0.16145833333333334 0.0078125 0.0078125
0 0.923828125 0.064453125 0.006510416666666667 0.006510416666666667
0 0.8821614583333334 0.13606770833333334 0.006510416666666667 0.006510416666666667
0 0.919921875 0.13411458333333334 0.006510416666666667 0.0078125
0 0.8684895833333334 0.06380208333333333 0.005208333333333333 0.010416666666666666
0 0.9348958333333334 0.08463541666666667 0.0078125 0.0078125
0 0.89453125 0.11197916666666667 0.0078125 0.0078125
0 0.916015625 0.14713541666666666 0.006510416666666667 0.005208333333333333
