0 0.6920572916666666 0.08203125 0.01171875 0.028645833333333332
0 0.23697916666666666 0.046875 0.0390625 0.08072916666666667
0 0.19466145833333334 0.057291666666666664 0.03515625 0.0859375
0 0.4342447916666667 0.126953125 0.037760416666666664 0.10026041666666667
0 0.216796875 0.109375 0.01171875 0.028645833333333332
0 0.2734375 0.032552083333333336 0.015625 0.03125
0 0.5983072916666666 0.10481770833333333 0.040364583333333336 0.09505208333333333
0 0.7076822916666666 0.14127604166666666 0.014322916666666666 0.029947916666666668
0 0.6848958333333334 0.119140625 0.0390625 0.09244791666666667
0 0.5358072916666666 0.11783854166666667 0.032552083333333336 0.061197916666666664
0 0.20833333333333334 0.11328125 0.0078125 0.018229166666666668
0 0.49609375 0.12565104166666666 0.018229166666666668 0.05859375
0 0.669921875 0.18489583333333334 0.016927083333333332 0.03125
0 0.2578125 0.044921875 0.033854166666666664 0.07421875
0 0.6595052083333334 0.12239583333333333 0.040364583333333336 0.09895833333333333
