0 0.384765625 0.87890625 0.022135416666666668 0.0390625
0 0.4895833333333333 0.9010416666666666 0.0625 0.11197916666666667
0 0.22526041666666666 0.7643229166666666 0.044270833333333336 0.0703125
0 0.416015625 0.8619791666666666 0.09765625 0.19270833333333334
0 0.3678385416666667 0.9251302083333334 0.024739583333333332 0.037760416666666664
0 0.08723958333333333 0.4388020833333333 0.0625 0.049479166666666664
0 0.3658854166666667 0.9049479166666666 0.020833333333333332 0.015625
0 0.2701822916666667 0.8372395833333334 0.037760416666666664 0.033854166666666664
0 0.08268229166666667 0.416015625 0.07421875 0.05859375
0 0.2584635416666667 0.7408854166666666 0.040364583333333336 0.06770833333333333
