0 0.032552083333333336 0.5611979166666666 0.0390625 0.059895833333333336
0 0.9993489583333334 0.6861979166666666 0.0013020833333333333 0.018229166666666668
0 0.12044270833333333 0.4798177083333333 0.040364583333333336 0.053385416666666664
0 0.341796875 0.7005208333333334 0.08203125 0.0546875
0 0.06966145833333333 0.4674479166666667 0.04296875 0.0625
0 0.020182291666666668 0.5572916666666666 0.040364583333333336 0.059895833333333336
0 0.900390625 0.716796875 0.09505208333333333 0.08463541666666667
0 0.08268229166666667 0.470703125 0.04296875 0.06380208333333333
0 0.9173177083333334 0.7447916666666666 0.10546875 0.09375
0 0.060546875 0.5807291666666666 0.048177083333333336 0.0625
0 0.9192708333333334 0.8229166666666666 0.018229166666666668 0.036458333333333336
0 0.9993489583333334 0.7766927083333334 0.0013020833333333333 0.032552083333333336
