0 0.4283854166666667 0.734375 0.026041666666666668 0.052083333333333336
0 0.9459635416666666 0.4518229166666667 0.040364583333333336 0.013020833333333334
0 0.5481770833333334 0.6901041666666666 0.044270833333333336 0.049479166666666664
0 0.5494791666666666 0.462890625 0.049479166666666664 0.037760416666666664
0 0.5123697916666666 0.4954427083333333 0.040364583333333336 0.029947916666666668
0 0.505859375 0.5084635416666666 0.045572916666666664 0.03515625
0 0.5403645833333334 0.4778645833333333 0.057291666666666664 0.036458333333333336
0 0.4114583333333333 0.7311197916666666 0.026041666666666668 0.053385416666666664
0 0.3463541666666667 0.78515625 0.046875 0.057291666666666664
0 0.4505208333333333 0.6829427083333334 0.08854166666666667 0.02734375
