0 0.16731770833333334 0.23372395833333334 0.08984375 0.08463541666666667
0 0.6588541666666666 0.18424479166666666 0.11458333333333333 0.10807291666666667
0 0.3430989583333333 0.404296875 0.01953125 0.016927083333333332
0 0.3776041666666667 0.12369791666666667 0.044270833333333336 0.046875
0 0.05078125 0.4635416666666667 0.049479166666666664 0.046875
0 0.865234375 0.615234375 0.09765625 0.08203125
0 0.7076822916666666 0.5397135416666666 0.032552083333333336 0.014322916666666666
0 0.33984375 0.423828125 0.09114583333333333 0.08723958333333333
0 0.8020833333333334 0.041015625 0.033854166666666664 0.03515625
0 0.7942708333333334 0.3541666666666667 0.0703125 0.0703125
0 0.546875 0.6217447916666666 0.07291666666666667 0.06640625
