0 0.4231770833333333 0.46484375 0.03125 0.015625
0 0.13216145833333334 0.6419270833333334 0.053385416666666664 0.026041666666666668
0 0.291015625 0.5709635416666666 0.022135416666666668 0.01171875
0 0.4986979166666667 0.7565104166666666 0.11979166666666667 0.052083333333333336
0 0.4036458333333333 0.22591145833333334 0.10416666666666667 0.037760416666666664
0 0.7259114583333334 0.06770833333333333 0.055989583333333336 0.036458333333333336
0 0.18424479166666666 0.294921875 0.05859375 0.022135416666666668
0 0.2864583333333333 0.8274739583333334 0.057291666666666664 0.029947916666666668
0 0.736328125 0.4479166666666667 0.11328125 0.041666666666666664
0 0.833984375 0.220703125 0.048177083333333336 0.02734375
0 0.7662760416666666 0.75 0.12890625 0.06510416666666667
