0 0.09049479166666667 0.12109375 0.04296875 0.13541666666666666
0 0.9765625 0.734375 0.0390625 0.0546875
0 0.845703125 0.3919270833333333 0.18880208333333334 0.2838541666666667
0 0.98828125 0.728515625 0.020833333333333332 0.029947916666666668
0 0.939453125 0.6373697916666666 0.07421875 0.11588541666666667
0 0.8880208333333334 0.375 0.10416666666666667 0.16666666666666666
0 0.22200520833333334 0.054036458333333336 0.01171875 0.006510416666666667
0 0.521484375 0.5475260416666666 0.01171875 0.01953125
0 0.7018229166666666 0.107421875 0.13802083333333334 0.21484375
0 0.28125 0.40234375 0.0390625 0.09375
