0 0.248046875 0.294921875 0.032552083333333336 0.08984375
0 0.3658854166666667 0.30078125 0.0390625 0.09635416666666667
0 0.5143229166666666 0.21158854166666666 0.044270833333333336 0.09244791666666667
0 0.666015625 0.20703125 0.029947916666666668 0.0859375
0 0.63671875 0.21614583333333334 0.03125 0.07552083333333333
0 0.416015625 0.26953125 0.01171875 0.028645833333333332
0 0.8203125 0.2701822916666667 0.07291666666666667 0.032552083333333336
0 0.392578125 0.3046875 0.037760416666666664 0.09635416666666667
0 0.3515625 0.267578125 0.013020833333333334 0.029947916666666668
0 0.7330729166666666 0.26953125 0.0625 0.03125
0 0.5904947916666666 0.1953125 0.045572916666666664 0.09114583333333333
