0 0.3834635416666667 0.4381510416666667 0.009114583333333334 0.024739583333333332
0 0.017578125 0.5319010416666666 0.024739583333333332 0.009114583333333334
0 0.028645833333333332 0.5436197916666666 0.015625 0.024739583333333332
0 0.3606770833333333 0.462890625 0.0234375 0.01171875
0 0.2877604166666667 0.9029947916666666 0.015625 0.009114583333333334
0 0.3600260416666667 0.4459635416666667 0.024739583333333332 0.016927083333333332
0 0.369140625 0.4615885416666667 0.022135416666666668 0.01171875
0 0.359375 0.453125 0.026041666666666668 0.010416666666666666
0 0.3463541666666667 0.4615885416666667 0.005208333333333333 0.00390625
0 0.283203125 0.4296875 0.016927083333333332 0.0234375
