0 0.3834635416666667 0.10481770833333333 0.009114583333333334 0.024739583333333332
0 0.3600260416666667 0.11263020833333333 0.024739583333333332 0.016927083333333332
0 0.2877604166666667 0.5696614583333334 0.015625 0.009114583333333334
0 0.3463541666666667 0.12825520833333334 0.005208333333333333 0.00390625
0 0.283203125 0.09635416666666667 0.016927083333333332 0.0234375
0 0.359375 0.11979166666666667 0.026041666666666668 0.010416666666666666
0 0.369140625 0.12825520833333334 0.022135416666666668 0.01171875
0 0.3606770833333333 0.12955729166666666 0.0234375 0.01171875
0 0.028645833333333332 0.21028645833333334 0.015625 0.024739583333333332
0 0.017578125 0.19856770833333334 0.024739583333333332 0.009114583333333334
