0 0.5006510416666666 0.4446614583333333 0.032552083333333336 0.01953125
0 0.4622395833333333 0.466796875 0.044270833333333336 0.02734375
0 0.3658854166666667 0.5540364583333334 0.09635416666666667 0.048177083333333336
0 0.2623697916666667 0.3658854166666667 0.04296875 0.0234375
0 0.4680989583333333 0.5384114583333334 0.053385416666666664 0.04296875
0 0.2662760416666667 0.3795572916666667 0.024739583333333332 0.01171875
0 0.490234375 0.5559895833333334 0.022135416666666668 0.018229166666666668
0 0.3723958333333333 0.4055989583333333 0.052083333333333336 0.02734375
0 0.478515625 0.55078125 0.04296875 0.033854166666666664
0 0.50390625 0.455078125 0.03125 0.016927083333333332
0 0.5006510416666666 0.560546875 0.032552083333333336 0.024739583333333332
