0 0.17317708333333334 0.857421875 0.0078125 0.009114583333333334
0 0.19986979166666666 0.87109375 0.009114583333333334 0.013020833333333334
0 0.5989583333333334 0.71484375 0.015625 0.018229166666666668
0 0.22005208333333334 0.8697916666666666 0.013020833333333334 0.018229166666666668
0 0.556640625 0.8014322916666666 0.014322916666666666 0.01953125
0 0.16015625 0.8782552083333334 0.013020833333333334 0.009114583333333334
0 0.193359375 0.8678385416666666 0.006510416666666667 0.01171875
0 0.18229166666666666 0.857421875 0.0078125 0.009114583333333334
0 0.21158854166666666 0.869140625 0.009114583333333334 0.014322916666666666
0 0.18815104166666666 0.8658854166666666 0.006510416666666667 0.010416666666666666
