0 0.251953125 0.6829427083333334 0.040364583333333336 0.014322916666666666
0 0.7252604166666666 0.158203125 0.07552083333333333 0.21744791666666666
0 0.5618489583333334 0.10611979166666667 0.22005208333333334 0.053385416666666664
0 0.9993489583333334 0.6946614583333334 0.0013020833333333333 0.053385416666666664
0 0.697265625 0.01953125 0.014322916666666666 0.036458333333333336
0 0.7265625 0.515625 0.0234375 0.0625
0 0.703125 0.6484375 0.033854166666666664 0.013020833333333334
0 0.296875 0.6666666666666666 0.041666666666666664 0.018229166666666668
0 0.720703125 0.018880208333333332 0.006510416666666667 0.016927083333333332
0 0.25390625 0.66796875 0.044270833333333336 0.018229166666666668
0 0.7623697916666666 0.5286458333333334 0.006510416666666667 0.018229166666666668
0 0.3307291666666667 0.7981770833333334 0.033854166666666664 0.036458333333333336
0 0.7115885416666666 0.018229166666666668 0.014322916666666666 0.036458333333333336
0 0.748046875 0.5143229166666666 0.022135416666666668 0.0625
