0 0.2662760416666667 0.10286458333333333 0.006510416666666667 0.013020833333333334
0 0.2669270833333333 0.279296875 0.013020833333333334 0.014322916666666666
0 0.22135416666666666 0.09244791666666667 0.013020833333333334 0.018229166666666668
0 0.2552083333333333 0.4817708333333333 0.018229166666666668 0.015625
0 0.55078125 0.2630208333333333 0.0078125 0.010416666666666666
0 0.014322916666666666 0.16015625 0.013020833333333334 0.010416666666666666
0 0.259765625 0.2779947916666667 0.016927083333333332 0.016927083333333332
0 0.5872395833333334 0.5859375 0.0078125 0.013020833333333334
0 0.5182291666666666 0.2643229166666667 0.010416666666666666 0.018229166666666668
0 0.5240885416666666 0.291015625 0.01953125 0.029947916666666668
0 0.4895833333333333 0.9811197916666666 0.018229166666666668 0.032552083333333336
0 0.5611979166666666 0.5690104166666666 0.0078125 0.015625
0 0.5852864583333334 0.5709635416666666 0.006510416666666667 0.01171875
0 0.4459635416666667 0.16080729166666666 0.016927083333333332 0.01171875
0 0.546875 0.2786458333333333 0.013020833333333334 0.018229166666666668
