0 0.2506510416666667 0.3463541666666667 0.06901041666666667 0.15625
0 0.9446614583333334 0.2819010416666667 0.09765625 0.22526041666666666
0 0.962890625 0.21549479166666666 0.045572916666666664 0.08984375
0 0.3372395833333333 0.630859375 0.09635416666666667 0.21223958333333334
0 0.7356770833333334 0.06901041666666667 0.015625 0.015625
0 0.8971354166666666 0.220703125 0.0390625 0.08463541666666667
0 0.8268229166666666 0.17317708333333334 0.015625 0.015625
0 0.4153645833333333 0.9173177083333334 0.08072916666666667 0.16536458333333334
0 0.8294270833333334 0.5319010416666666 0.028645833333333332 0.032552083333333336
0 0.7421875 0.16927083333333334 0.018229166666666668 0.028645833333333332
