0 0.8059895833333334 0.3053385416666667 0.010416666666666666 0.006510416666666667
0 0.623046875 0.022786458333333332 0.014322916666666666 0.01171875
0 0.9694010416666666 0.275390625 0.01171875 0.016927083333333332
0 0.4459635416666667 0.25 0.006510416666666667 0.010416666666666666
0 0.451171875 0.005208333333333333 0.009114583333333334 0.010416666666666666
0 0.4329427083333333 0.095703125 0.014322916666666666 0.014322916666666666
0 0.4075520833333333 0.212890625 0.013020833333333334 0.014322916666666666
0 0.7506510416666666 0.548828125 0.014322916666666666 0.014322916666666666
0 0.5501302083333334 0.17903645833333334 0.014322916666666666 0.014322916666666666
0 0.8294270833333334 0.3821614583333333 0.0078125 0.014322916666666666
0 0.4192708333333333 0.059895833333333336 0.0078125 0.0078125
0 0.4303385416666667 0.3704427083333333 0.01171875 0.006510416666666667
0 0.328125 0.10677083333333333 0.013020833333333334 0.013020833333333334
0 0.3365885416666667 0.3040364583333333 0.009114583333333334 0.009114583333333334
0 0.5227864583333334 0.240234375 0.014322916666666666 0.014322916666666666
