0 0.271484375 0.8157552083333334 0.016927083333333332 0.01953125
0 0.185546875 0.7838541666666666 0.01171875 0.018229166666666668
0 0.3736979166666667 0.943359375 0.010416666666666666 0.009114583333333334
0 0.12630208333333334 0.7740885416666666 0.010416666666666666 0.016927083333333332
0 0.22721354166666666 0.8268229166666666 0.01171875 0.015625
0 0.3541666666666667 0.9524739583333334 0.013020833333333334 0.009114583333333334
0 0.314453125 0.8274739583333334 0.016927083333333332 0.022135416666666668
0 0.197265625 0.8509114583333334 0.01953125 0.01171875
0 0.12630208333333334 0.763671875 0.0078125 0.006510416666666667
0 0.20768229166666666 0.7506510416666666 0.014322916666666666 0.016927083333333332
0 0.3815104166666667 0.93359375 0.013020833333333334 0.013020833333333334
0 0.11002604166666667 0.7180989583333334 0.014322916666666666 0.01171875
0 0.06380208333333333 0.732421875 0.0078125 0.01171875
0 0.3684895833333333 0.939453125 0.013020833333333334 0.01171875
