0 0.3990885416666667 0.7076822916666666 0.016927083333333332 0.01171875
0 0.08854166666666667 0.7799479166666666 0.018229166666666668 0.013020833333333334
0 0.6282552083333334 0.7408854166666666 0.006510416666666667 0.0078125
0 0.404296875 0.6634114583333334 0.024739583333333332 0.014322916666666666
0 0.4993489583333333 0.6764322916666666 0.024739583333333332 0.014322916666666666
0 0.7838541666666666 0.69140625 0.026041666666666668 0.018229166666666668
0 0.091796875 0.8001302083333334 0.02734375 0.014322916666666666
0 0.447265625 0.7239583333333334 0.024739583333333332 0.015625
0 0.08333333333333333 0.7643229166666666 0.0234375 0.018229166666666668
0 0.3014322916666667 0.7434895833333334 0.01953125 0.013020833333333334
0 0.3326822916666667 0.7734375 0.022135416666666668 0.015625
0 0.6477864583333334 0.6985677083333334 0.02734375 0.022135416666666668
