0 0.25390625 0.7434895833333334 0.013020833333333334 0.013020833333333334
0 0.470703125 0.6640625 0.016927083333333332 0.015625
0 0.6979166666666666 0.9583333333333334 0.010416666666666666 0.005208333333333333
0 0.7154947916666666 0.9967447916666666 0.01171875 0.006510416666666667
0 0.7063802083333334 0.9973958333333334 0.006510416666666667 0.005208333333333333
0 0.5240885416666666 0.736328125 0.01171875 0.009114583333333334
0 0.6796875 0.9674479166666666 0.0078125 0.005208333333333333
0 0.3411458333333333 0.5364583333333334 0.013020833333333334 0.0078125
0 0.6139322916666666 0.8098958333333334 0.01171875 0.0078125
0 0.6946614583333334 0.9739583333333334 0.006510416666666667 0.005208333333333333
0 0.4752604166666667 0.6399739583333334 0.0078125 0.009114583333333334
0 0.5123697916666666 0.6529947916666666 0.006510416666666667 0.009114583333333334
