0 0.421875 0.7799479166666666 0.018229166666666668 0.013020833333333334
0 0.8326822916666666 0.6764322916666666 0.024739583333333332 0.014322916666666666
0 0.7805989583333334 0.7239583333333334 0.024739583333333332 0.015625
0 0.634765625 0.7434895833333334 0.01953125 0.013020833333333334
0 0.4166666666666667 0.7643229166666666 0.0234375 0.018229166666666668
0 0.4251302083333333 0.8001302083333334 0.02734375 0.014322916666666666
0 0.025390625 0.9225260416666666 0.016927083333333332 0.01171875
0 0.17252604166666666 0.8294270833333334 0.022135416666666668 0.010416666666666666
0 0.666015625 0.7734375 0.022135416666666668 0.015625
0 0.9811197916666666 0.6985677083333334 0.02734375 0.022135416666666668
0 0.732421875 0.7076822916666666 0.016927083333333332 0.01171875
0 0.9615885416666666 0.7408854166666666 0.006510416666666667 0.0078125
0 0.15950520833333334 0.8444010416666666 0.01171875 0.024739583333333332
0 0.7376302083333334 0.6634114583333334 0.024739583333333332 0.014322916666666666
