0 0.5442708333333334 0.4765625 0.0078125 0.0078125
0 0.568359375 0.462890625 0.006510416666666667 0.006510416666666667
0 0.3938802083333333 0.345703125 0.016927083333333332 0.009114583333333334
0 0.572265625 0.36328125 0.014322916666666666 0.010416666666666666
0 0.576171875 0.380859375 0.006510416666666667 0.006510416666666667
0 0.607421875 0.3880208333333333 0.006510416666666667 0.015625
0 0.5885416666666666 0.3802083333333333 0.010416666666666666 0.015625
0 0.5787760416666666 0.4251302083333333 0.009114583333333334 0.009114583333333334
0 0.5247395833333334 0.4134114583333333 0.0078125 0.014322916666666666
0 0.3763020833333333 0.349609375 0.013020833333333334 0.006510416666666667
