0 0.98046875 0.3736979166666667 0.018229166666666668 0.010416666666666666
0 0.6569010416666666 0.15169270833333334 0.045572916666666664 0.07942708333333333
0 0.3359375 0.19205729166666666 0.013020833333333334 0.02734375
0 0.20572916666666666 0.638671875 0.0546875 0.07421875
0 0.232421875 0.326171875 0.01953125 0.029947916666666668
0 0.8860677083333334 0.8391927083333334 0.07942708333333333 0.09244791666666667
0 0.3248697916666667 0.1953125 0.01171875 0.026041666666666668
0 0.6002604166666666 0.771484375 0.0625 0.06640625
0 0.7220052083333334 0.5553385416666666 0.07421875 0.07421875
0 0.849609375 0.2923177083333333 0.053385416666666664 0.10807291666666667
0 0.830078125 0.4713541666666667 0.032552083333333336 0.013020833333333334
