0 0.12174479166666667 0.19140625 0.009114583333333334 0.010416666666666666
0 0.2688802083333333 0.2897135416666667 0.009114583333333334 0.01171875
0 0.189453125 0.37109375 0.009114583333333334 0.010416666666666666
0 0.2994791666666667 0.2779947916666667 0.0078125 0.009114583333333334
0 0.06770833333333333 0.3502604166666667 0.0078125 0.010416666666666666
0 0.357421875 0.3151041666666667 0.009114583333333334 0.010416666666666666
0 0.3444010416666667 0.18424479166666666 0.009114583333333334 0.01171875
0 0.19140625 0.3430989583333333 0.0078125 0.009114583333333334
0 0.23307291666666666 0.28125 0.010416666666666666 0.010416666666666666
0 0.22200520833333334 0.31640625 0.009114583333333334 0.010416666666666666
0 0.33203125 0.2526041666666667 0.010416666666666666 0.010416666666666666
0 0.23958333333333334 0.369140625 0.0078125 0.009114583333333334
