0 0.2109375 0.4680989583333333 0.0078125 0.01171875
0 0.061197916666666664 0.576171875 0.010416666666666666 0.01171875
0 0.2265625 0.4680989583333333 0.0078125 0.01171875
0 0.228515625 0.9251302083333334 0.01171875 0.014322916666666666
0 0.2643229166666667 0.23567708333333334 0.010416666666666666 0.013020833333333334
0 0.197265625 0.2727864583333333 0.006510416666666667 0.01171875
0 0.3053385416666667 0.4368489583333333 0.01171875 0.01171875
0 0.39453125 0.70703125 0.0078125 0.010416666666666666
0 0.3854166666666667 0.3059895833333333 0.013020833333333334 0.015625
0 0.5078125 0.8658854166666666 0.010416666666666666 0.013020833333333334
0 0.13932291666666666 0.6770833333333334 0.010416666666666666 0.013020833333333334
0 0.13541666666666666 0.86328125 0.0078125 0.013020833333333334
0 0.13671875 0.17513020833333334 0.0078125 0.014322916666666666
0 0.13411458333333334 0.5572916666666666 0.010416666666666666 0.0078125
