0 0.3990885416666667 0.09309895833333333 0.022135416666666668 0.022135416666666668
0 0.17578125 0.08658854166666667 0.018229166666666668 0.014322916666666666
0 0.33203125 0.083984375 0.015625 0.01171875
0 0.830078125 0.3880208333333333 0.24088541666666666 0.06510416666666667
0 0.09244791666666667 0.6165364583333334 0.1640625 0.10546875
0 0.802734375 0.099609375 0.016927083333333332 0.016927083333333332
0 0.84375 0.638671875 0.015625 0.024739583333333332
0 0.8229166666666666 0.087890625 0.018229166666666668 0.01953125
0 0.23697916666666666 0.09114583333333333 0.020833333333333332 0.015625
0 0.787109375 0.10611979166666667 0.016927083333333332 0.01171875
0 0.087890625 0.07421875 0.01953125 0.018229166666666668
0 0.90234375 0.7682291666666666 0.03125 0.078125
0 0.029947916666666668 0.055989583333333336 0.020833333333333332 0.020833333333333332
0 0.07096354166666667 0.07486979166666667 0.014322916666666666 0.014322916666666666
0 0.21809895833333334 0.07356770833333333 0.014322916666666666 0.014322916666666666
