0 0.66015625 0.5768229166666666 0.013020833333333334 0.0078125
0 0.7350260416666666 0.59375 0.016927083333333332 0.010416666666666666
0 0.8639322916666666 0.58203125 0.022135416666666668 0.028645833333333332
0 0.8509114583333334 0.5787760416666666 0.01953125 0.02734375
0 0.6705729166666666 0.5494791666666666 0.018229166666666668 0.0078125
0 0.6725260416666666 0.54296875 0.016927083333333332 0.005208333333333333
0 0.7096354166666666 0.6015625 0.018229166666666668 0.015625
0 0.666015625 0.5611979166666666 0.01953125 0.013020833333333334
0 0.87890625 0.58203125 0.018229166666666668 0.026041666666666668
0 0.67578125 0.537109375 0.020833333333333332 0.009114583333333334
0 0.73046875 0.5403645833333334 0.015625 0.010416666666666666
0 0.6614583333333334 0.5703125 0.013020833333333334 0.0078125
