0 0.4303385416666667 0.294921875 0.009114583333333334 0.01171875
0 0.8704427083333334 0.9752604166666666 0.01953125 0.0234375
0 0.9563802083333334 0.8984375 0.006510416666666667 0.010416666666666666
0 0.7916666666666666 0.9036458333333334 0.0078125 0.010416666666666666
0 0.955078125 0.8352864583333334 0.014322916666666666 0.014322916666666666
0 0.93359375 0.6783854166666666 0.0078125 0.0078125
0 0.9205729166666666 0.953125 0.013020833333333334 0.013020833333333334
0 0.9075520833333334 0.9055989583333334 0.010416666666666666 0.014322916666666666
0 0.7096354166666666 0.9694010416666666 0.0078125 0.01171875
0 0.9296875 0.7115885416666666 0.013020833333333334 0.01171875
