0 0.24934895833333334 0.701171875 0.032552083333333336 0.014322916666666666
0 0.4381510416666667 0.24479166666666666 0.032552083333333336 0.16145833333333334
0 0.6360677083333334 0.4036458333333333 0.024739583333333332 0.1328125
0 0.9055989583333334 0.5501302083333334 0.02734375 0.09765625
0 0.21549479166666666 0.4798177083333333 0.016927083333333332 0.10026041666666667
0 0.9524739583333334 0.6516927083333334 0.06901041666666667 0.014322916666666666
0 0.24544270833333334 0.6002604166666666 0.022135416666666668 0.018229166666666668
0 0.68359375 0.3997395833333333 0.028645833333333332 0.13020833333333334
0 0.4947916666666667 0.2604166666666667 0.033854166666666664 0.1640625
0 0.9615885416666666 0.640625 0.040364583333333336 0.013020833333333334
0 0.6790364583333334 0.22721354166666666 0.022135416666666668 0.13151041666666666
0 0.22265625 0.6516927083333334 0.0234375 0.13151041666666666
