0 0.84375 0.6022135416666666 0.049479166666666664 0.014322916666666666
0 0.8450520833333334 0.591796875 0.052083333333333336 0.016927083333333332
0 0.7994791666666666 0.857421875 0.0625 0.01953125
0 0.6940104166666666 0.6497395833333334 0.049479166666666664 0.015625
0 0.3802083333333333 0.4407552083333333 0.059895833333333336 0.016927083333333332
0 0.2877604166666667 0.13411458333333334 0.059895833333333336 0.03125
0 0.7356770833333334 0.4934895833333333 0.041666666666666664 0.015625
0 0.537109375 0.7317708333333334 0.05078125 0.013020833333333334
0 0.5221354166666666 0.5944010416666666 0.03125 0.014322916666666666
0 0.3815104166666667 0.4544270833333333 0.08072916666666667 0.018229166666666668
0 0.3313802083333333 0.7076822916666666 0.037760416666666664 0.01171875
0 0.18229166666666666 0.19010416666666666 0.1015625 0.044270833333333336
0 0.08854166666666667 0.6783854166666666 0.057291666666666664 0.026041666666666668
