0 0.09505208333333333 0.3326822916666667 0.010416666666666666 0.014322916666666666
0 0.4720052083333333 0.4518229166666667 0.01953125 0.013020833333333334
0 0.17643229166666666 0.3626302083333333 0.016927083333333332 0.01171875
0 0.4563802083333333 0.3932291666666667 0.009114583333333334 0.010416666666666666
0 0.3528645833333333 0.36328125 0.018229166666666668 0.0078125
0 0.21809895833333334 0.3717447916666667 0.01953125 0.009114583333333334
0 0.08333333333333333 0.3203125 0.013020833333333334 0.015625
0 0.3313802083333333 0.361328125 0.022135416666666668 0.009114583333333334
0 0.19986979166666666 0.3704427083333333 0.016927083333333332 0.01171875
0 0.666015625 0.5579427083333334 0.014322916666666666 0.006510416666666667
0 0.4654947916666667 0.3958333333333333 0.01171875 0.015625
0 0.4466145833333333 0.4010416666666667 0.026041666666666668 0.015625
0 0.48828125 0.4361979166666667 0.015625 0.0078125
0 0.6471354166666666 0.9205729166666666 0.020833333333333332 0.018229166666666668
