0 0.12434895833333333 0.8509114583333334 0.07161458333333333 0.029947916666666668
0 0.6048177083333334 0.51171875 0.09505208333333333 0.028645833333333332
0 0.607421875 0.5 0.040364583333333336 0.010416666666666666
0 0.9713541666666666 0.6575520833333334 0.028645833333333332 0.010416666666666666
0 0.6354166666666666 0.927734375 0.020833333333333332 0.009114583333333334
0 0.3444010416666667 0.7265625 0.05078125 0.015625
0 0.482421875 0.3717447916666667 0.06380208333333333 0.016927083333333332
0 0.6516927083333334 0.916015625 0.053385416666666664 0.016927083333333332
0 0.8971354166666666 0.34375 0.1015625 0.026041666666666668
0 0.865234375 0.9309895833333334 0.08984375 0.03125
0 0.4388020833333333 0.9661458333333334 0.059895833333333336 0.020833333333333332
0 0.544921875 0.806640625 0.05078125 0.016927083333333332
