0 0.6634114583333334 0.6614583333333334 0.037760416666666664 0.020833333333333332
0 0.9108072916666666 0.5026041666666666 0.05859375 0.036458333333333336
0 0.4876302083333333 0.8893229166666666 0.11328125 0.07552083333333333
0 0.024739583333333332 0.9420572916666666 0.036458333333333336 0.04296875
0 0.181640625 0.20442708333333334 0.06901041666666667 0.046875
0 0.3678385416666667 0.6236979166666666 0.02734375 0.03125
0 0.6171875 0.4127604166666667 0.0625 0.044270833333333336
0 0.5651041666666666 0.3821614583333333 0.0546875 0.037760416666666664
0 0.7330729166666666 0.4563802083333333 0.11979166666666667 0.07421875
0 0.9192708333333334 0.5559895833333334 0.06770833333333333 0.057291666666666664
