0 0.15364583333333334 0.7200520833333334 0.059895833333333336 0.059895833333333336
0 0.10807291666666667 0.7174479166666666 0.0546875 0.06510416666666667
0 0.3053385416666667 0.3528645833333333 0.029947916666666668 0.046875
0 0.3001302083333333 0.22916666666666666 0.03515625 0.059895833333333336
0 0.3333333333333333 0.3372395833333333 0.052083333333333336 0.08333333333333333
0 0.251953125 0.580078125 0.053385416666666664 0.08984375
0 0.28515625 0.59765625 0.036458333333333336 0.0703125
0 0.06901041666666667 0.7063802083333334 0.07552083333333333 0.09765625
0 0.2565104166666667 0.2552083333333333 0.015625 0.020833333333333332
0 0.2845052083333333 0.22330729166666666 0.037760416666666664 0.061197916666666664
0 0.267578125 0.216796875 0.037760416666666664 0.061197916666666664
