0 0.9993489583333334 0.80859375 0.0013020833333333333 0.052083333333333336
0 0.4407552083333333 0.2721354166666667 0.15755208333333334 0.033854166666666664
0 0.026041666666666668 0.3014322916666667 0.028645833333333332 0.08723958333333333
0 0.016276041666666668 0.2532552083333333 0.02734375 0.014322916666666666
0 0.022135416666666668 0.4440104166666667 0.036458333333333336 0.08854166666666667
0 0.345703125 0.171875 0.01171875 0.020833333333333332
0 0.052083333333333336 0.2994791666666667 0.026041666666666668 0.09114583333333333
0 0.08723958333333333 0.4088541666666667 0.028645833333333332 0.07552083333333333
0 0.068359375 0.2604166666666667 0.01171875 0.033854166666666664
0 0.059244791666666664 0.7981770833333334 0.032552083333333336 0.078125
