0 0.20703125 0.16666666666666666 0.0234375 0.08333333333333333
0 0.8697916666666666 0.4817708333333333 0.026041666666666668 0.0625
0 0.3489583333333333 0.5279947916666666 0.06510416666666667 0.055989583333333336
0 0.18815104166666666 0.16796875 0.022135416666666668 0.0859375
0 0.169921875 0.18359375 0.016927083333333332 0.033854166666666664
0 0.103515625 0.4381510416666667 0.10546875 0.09244791666666667
0 0.3782552083333333 0.4850260416666667 0.07942708333333333 0.06901041666666667
0 0.3580729166666667 0.5358072916666666 0.07552083333333333 0.06901041666666667
0 0.224609375 0.16796875 0.022135416666666668 0.08333333333333333
0 0.8567708333333334 0.466796875 0.026041666666666668 0.06640625
0 0.4153645833333333 0.5032552083333334 0.07291666666666667 0.07682291666666667
