0 0.697265625 0.6380208333333334 0.01953125 0.010416666666666666
0 0.5169270833333334 0.9016927083333334 0.0078125 0.016927083333333332
0 0.69921875 0.6048177083333334 0.015625 0.009114583333333334
0 0.51953125 0.876953125 0.013020833333333334 0.016927083333333332
0 0.5260416666666666 0.90234375 0.010416666666666666 0.020833333333333332
0 0.52734375 0.87890625 0.013020833333333334 0.018229166666666668
0 0.517578125 0.91796875 0.01171875 0.018229166666666668
0 0.4869791666666667 0.9505208333333334 0.03125 0.026041666666666668
0 0.6608072916666666 0.8795572916666666 0.009114583333333334 0.014322916666666666
0 0.5078125 0.9016927083333334 0.010416666666666666 0.016927083333333332
