0 0.4453125 0.28515625 0.0234375 0.06510416666666667
0 0.74609375 0.6536458333333334 0.026041666666666668 0.049479166666666664
0 0.7109375 0.658203125 0.03125 0.061197916666666664
0 0.7291666666666666 0.65625 0.03125 0.059895833333333336
0 0.4622395833333333 0.3567708333333333 0.026041666666666668 0.052083333333333336
0 0.3307291666666667 0.2630208333333333 0.03125 0.06510416666666667
0 0.615234375 0.83203125 0.053385416666666664 0.057291666666666664
0 0.474609375 0.3723958333333333 0.024739583333333332 0.052083333333333336
0 0.3411458333333333 0.2779947916666667 0.026041666666666668 0.05078125
0 0.4596354166666667 0.2649739583333333 0.0234375 0.061197916666666664
