0 0.3404947916666667 0.09635416666666667 0.016927083333333332 0.018229166666666668
0 0.7727864583333334 0.42578125 0.03515625 0.036458333333333336
0 0.6608072916666666 0.3444010416666667 0.022135416666666668 0.006510416666666667
0 0.794921875 0.458984375 0.032552083333333336 0.032552083333333336
0 0.2942708333333333 0.2571614583333333 0.052083333333333336 0.16015625
0 0.517578125 0.35546875 0.01171875 0.013020833333333334
0 0.90234375 0.345703125 0.03125 0.032552083333333336
0 0.8587239583333334 0.4615885416666667 0.032552083333333336 0.032552083333333336
0 0.5846354166666666 0.54296875 0.0390625 0.013020833333333334
0 0.6126302083333334 0.2760416666666667 0.04296875 0.16666666666666666
0 0.552734375 0.6484375 0.022135416666666668 0.0390625
