0 0.3287760416666667 0.06966145833333333 0.04296875 0.029947916666666668
0 0.2825520833333333 0.705078125 0.041666666666666664 0.08984375
0 0.322265625 0.08268229166666667 0.05859375 0.040364583333333336
0 0.13736979166666666 0.4752604166666667 0.055989583333333336 0.049479166666666664
0 0.17057291666666666 0.1640625 0.044270833333333336 0.06770833333333333
0 0.2109375 0.31640625 0.028645833333333332 0.044270833333333336
0 0.23697916666666666 0.6171875 0.026041666666666668 0.041666666666666664
0 0.020833333333333332 0.5592447916666666 0.033854166666666664 0.05078125
0 0.3723958333333333 0.24479166666666666 0.0390625 0.026041666666666668
0 0.3014322916666667 0.70703125 0.037760416666666664 0.09375
0 0.3111979166666667 0.69921875 0.015625 0.028645833333333332
