0 0.8489583333333334 0.3326822916666667 0.0546875 0.02734375
0 0.22330729166666666 0.7200520833333334 0.053385416666666664 0.026041666666666668
0 0.22265625 0.7044270833333334 0.06510416666666667 0.036458333333333336
0 0.4850260416666667 0.3079427083333333 0.08723958333333333 0.037760416666666664
0 0.7356770833333334 0.03125 0.041666666666666664 0.0625
0 0.853515625 0.3157552083333333 0.08463541666666667 0.045572916666666664
0 0.9993489583333334 0.4993489583333333 0.0013020833333333333 0.014322916666666666
0 0.6360677083333334 0.6223958333333334 0.06380208333333333 0.033854166666666664
0 0.64453125 0.630859375 0.0234375 0.01171875
0 0.6328125 0.6106770833333334 0.020833333333333332 0.013020833333333334
0 0.4446614583333333 0.07682291666666667 0.040364583333333336 0.018229166666666668
