0 0.4375 0.5709635416666666 0.013020833333333334 0.009114583333333334
0 0.27734375 0.4114583333333333 0.010416666666666666 0.010416666666666666
0 0.2819010416666667 0.376953125 0.01171875 0.01171875
0 0.24479166666666666 0.2734375 0.013020833333333334 0.010416666666666666
0 0.220703125 0.2578125 0.009114583333333334 0.013020833333333334
0 0.259765625 0.24088541666666666 0.006510416666666667 0.010416666666666666
0 0.10807291666666667 0.4485677083333333 0.010416666666666666 0.014322916666666666
0 0.298828125 0.2532552083333333 0.014322916666666666 0.009114583333333334
0 0.2760416666666667 0.13671875 0.0078125 0.010416666666666666
0 0.3919270833333333 0.3411458333333333 0.013020833333333334 0.010416666666666666
0 0.232421875 0.248046875 0.006510416666666667 0.01171875
0 0.24609375 0.18684895833333334 0.0078125 0.01171875
0 0.28515625 0.22330729166666666 0.005208333333333333 0.01171875
