0 0.6041666666666666 0.20052083333333334 0.0546875 0.018229166666666668
0 0.6087239583333334 0.166015625 0.055989583333333336 0.016927083333333332
0 0.8990885416666666 0.2942708333333333 0.03515625 0.013020833333333334
0 0.916015625 0.3098958333333333 0.061197916666666664 0.020833333333333332
0 0.9427083333333334 0.3561197916666667 0.026041666666666668 0.009114583333333334
0 0.9264322916666666 0.3274739583333333 0.05078125 0.016927083333333332
0 0.6080729166666666 0.1484375 0.06510416666666667 0.018229166666666668
0 0.59375 0.18294270833333334 0.06510416666666667 0.016927083333333332
0 0.095703125 0.5807291666666666 0.06901041666666667 0.08854166666666667
0 0.9270833333333334 0.3430989583333333 0.057291666666666664 0.016927083333333332
