0 0.7376302083333334 0.16341145833333334 0.006510416666666667 0.01171875
0 0.7213541666666666 0.08268229166666667 0.010416666666666666 0.009114583333333334
0 0.8815104166666666 0.5227864583333334 0.005208333333333333 0.009114583333333334
0 0.7584635416666666 0.06705729166666667 0.01171875 0.006510416666666667
0 0.8235677083333334 0.7454427083333334 0.01171875 0.014322916666666666
0 0.775390625 0.061197916666666664 0.01171875 0.010416666666666666
0 0.8873697916666666 0.13606770833333334 0.016927083333333332 0.009114583333333334
0 0.86328125 0.0078125 0.010416666666666666 0.0078125
0 0.78515625 0.036458333333333336 0.013020833333333334 0.005208333333333333
0 0.80078125 0.044270833333333336 0.013020833333333334 0.0078125
0 0.7936197916666666 0.0234375 0.01171875 0.010416666666666666
