0 0.921875 0.046875 0.010416666666666666 0.015625
0 0.7096354166666666 0.016276041666666668 0.013020833333333334 0.006510416666666667
0 0.8776041666666666 0.14322916666666666 0.0078125 0.0078125
0 0.9055989583333334 0.029947916666666668 0.014322916666666666 0.010416666666666666
0 0.912109375 0.091796875 0.009114583333333334 0.009114583333333334
0 0.7272135416666666 0.012369791666666666 0.016927083333333332 0.009114583333333334
0 0.9016927083333334 0.12955729166666666 0.006510416666666667 0.006510416666666667
0 0.9095052083333334 0.047526041666666664 0.006510416666666667 0.006510416666666667
0 0.9407552083333334 0.0546875 0.006510416666666667 0.015625
0 0.8580729166666666 0.080078125 0.0078125 0.014322916666666666
