0 0.6106770833333334 0.3912760416666667 0.015625 0.016927083333333332
0 0.302734375 0.677734375 0.037760416666666664 0.055989583333333336
0 0.5319010416666666 0.4361979166666667 0.03515625 0.036458333333333336
0 0.357421875 0.5696614583333334 0.02734375 0.01953125
0 0.3190104166666667 0.6809895833333334 0.0390625 0.057291666666666664
0 0.3834635416666667 0.560546875 0.05078125 0.040364583333333336
0 0.3984375 0.5520833333333334 0.046875 0.041666666666666664
0 0.4329427083333333 0.521484375 0.01953125 0.016927083333333332
0 0.3502604166666667 0.5865885416666666 0.03125 0.01953125
0 0.3567708333333333 0.5553385416666666 0.020833333333333332 0.016927083333333332
0 0.4108072916666667 0.544921875 0.048177083333333336 0.040364583333333336
