0 0.6666666666666666 0.2994791666666667 0.020833333333333332 0.013020833333333334
0 0.22200520833333334 0.107421875 0.032552083333333336 0.09244791666666667
0 0.9674479166666666 0.62109375 0.018229166666666668 0.013020833333333334
0 0.9498697916666666 0.7154947916666666 0.01953125 0.01953125
0 0.8430989583333334 0.578125 0.014322916666666666 0.018229166666666668
0 0.8776041666666666 0.7174479166666666 0.013020833333333334 0.020833333333333332
0 0.9609375 0.6647135416666666 0.0234375 0.01171875
0 0.72265625 0.5794270833333334 0.013020833333333334 0.015625
0 0.90625 0.599609375 0.018229166666666668 0.016927083333333332
0 0.9615885416666666 0.6875 0.029947916666666668 0.018229166666666668
0 0.7454427083333334 0.4889322916666667 0.016927083333333332 0.022135416666666668
