0 0.6321614583333334 0.2532552083333333 0.014322916666666666 0.009114583333333334
0 0.6184895833333334 0.22330729166666666 0.005208333333333333 0.01171875
0 0.6106770833333334 0.4114583333333333 0.010416666666666666 0.010416666666666666
0 0.7708333333333334 0.5709635416666666 0.013020833333333334 0.009114583333333334
0 0.5794270833333334 0.18684895833333334 0.0078125 0.01171875
0 0.609375 0.13671875 0.0078125 0.010416666666666666
0 0.5657552083333334 0.248046875 0.006510416666666667 0.01171875
0 0.44140625 0.4485677083333333 0.010416666666666666 0.014322916666666666
0 0.5930989583333334 0.24088541666666666 0.006510416666666667 0.010416666666666666
0 0.615234375 0.376953125 0.01171875 0.01171875
0 0.578125 0.2734375 0.013020833333333334 0.010416666666666666
0 0.5540364583333334 0.2578125 0.009114583333333334 0.013020833333333334
0 0.7252604166666666 0.3411458333333333 0.013020833333333334 0.010416666666666666
