0 0.03125 0.66796875 0.052083333333333336 0.013020833333333334
0 0.3880208333333333 0.18684895833333334 0.044270833333333336 0.048177083333333336
0 0.9700520833333334 0.10026041666666667 0.057291666666666664 0.08072916666666667
0 0.888671875 0.748046875 0.016927083333333332 0.006510416666666667
0 0.055338541666666664 0.6015625 0.04296875 0.0390625
0 0.4895833333333333 0.8489583333333334 0.049479166666666664 0.044270833333333336
0 0.6022135416666666 0.11458333333333333 0.04296875 0.044270833333333336
0 0.7845052083333334 0.8736979166666666 0.09244791666666667 0.07552083333333333
0 0.58984375 0.5930989583333334 0.046875 0.04296875
0 0.7858072916666666 0.5130208333333334 0.05859375 0.0625
0 0.19270833333333334 0.6744791666666666 0.041666666666666664 0.0390625
