0 0.2858072916666667 0.4361979166666667 0.08463541666666667 0.033854166666666664
0 0.9993489583333334 0.2584635416666667 0.0013020833333333333 0.01953125
0 0.4973958333333333 0.65234375 0.036458333333333336 0.015625
0 0.044921875 0.919921875 0.03515625 0.01953125
0 0.4791666666666667 0.6315104166666666 0.046875 0.0234375
0 0.28515625 0.4505208333333333 0.044270833333333336 0.018229166666666668
0 0.4895833333333333 0.6412760416666666 0.078125 0.037760416666666664
0 0.2923177083333333 0.4583333333333333 0.032552083333333336 0.015625
0 0.2936197916666667 0.4134114583333333 0.03515625 0.016927083333333332
0 0.2903645833333333 0.4231770833333333 0.044270833333333336 0.013020833333333334
0 0.16861979166666666 0.6373697916666666 0.06380208333333333 0.032552083333333336
0 0.7018229166666666 0.390625 0.0546875 0.0234375
