0 0.7955729166666666 0.11653645833333333 0.0078125 0.006510416666666667
0 0.3880208333333333 0.3704427083333333 0.028645833333333332 0.024739583333333332
0 0.69921875 0.2526041666666667 0.015625 0.013020833333333334
0 0.6360677083333334 0.24869791666666666 0.016927083333333332 0.013020833333333334
0 0.7213541666666666 0.21158854166666666 0.013020833333333334 0.014322916666666666
0 0.779296875 0.12565104166666666 0.006510416666666667 0.006510416666666667
0 0.560546875 0.2565104166666667 0.006510416666666667 0.0078125
0 0.22005208333333334 0.3014322916666667 0.018229166666666668 0.014322916666666666
0 0.8561197916666666 0.14583333333333334 0.014322916666666666 0.018229166666666668
0 0.236328125 0.3333333333333333 0.009114583333333334 0.020833333333333332
0 0.6673177083333334 0.287109375 0.014322916666666666 0.014322916666666666
0 0.72265625 0.11458333333333333 0.013020833333333334 0.010416666666666666
