0 0.4811197916666667 0.7923177083333334 0.024739583333333332 0.045572916666666664
0 0.5286458333333334 0.794921875 0.018229166666666668 0.037760416666666664
0 0.6263020833333334 0.8111979166666666 0.03125 0.049479166666666664
0 0.7942708333333334 0.765625 0.0625 0.03125
0 0.4049479166666667 0.8424479166666666 0.10416666666666667 0.028645833333333332
0 0.6653645833333334 0.7916666666666666 0.0625 0.0234375
0 0.5833333333333334 0.8092447916666666 0.0234375 0.03515625
0 0.884765625 0.8463541666666666 0.037760416666666664 0.0234375
0 0.5696614583333334 0.8216145833333334 0.032552083333333336 0.052083333333333336
0 0.5520833333333334 0.826171875 0.028645833333333332 0.048177083333333336
0 0.5143229166666666 0.802734375 0.0234375 0.04296875
0 0.4622395833333333 0.8001302083333334 0.03125 0.053385416666666664
0 0.6087239583333334 0.81640625 0.03515625 0.052083333333333336
0 0.4947916666666667 0.7845052083333334 0.018229166666666668 0.029947916666666668
