0 0.85546875 0.4453125 0.018229166666666668 0.013020833333333334
0 0.8678385416666666 0.46484375 0.024739583333333332 0.015625
0 0.783203125 0.4720052083333333 0.022135416666666668 0.006510416666666667
0 0.7630208333333334 0.6946614583333334 0.028645833333333332 0.022135416666666668
0 0.9329427083333334 0.5716145833333334 0.01953125 0.020833333333333332
0 0.8313802083333334 0.462890625 0.024739583333333332 0.014322916666666666
0 0.818359375 0.5690104166666666 0.01953125 0.0078125
0 0.7408854166666666 0.4694010416666667 0.026041666666666668 0.022135416666666668
0 0.689453125 0.369140625 0.022135416666666668 0.01171875
0 0.7291666666666666 0.42578125 0.020833333333333332 0.020833333333333332
