0 0.349609375 0.4127604166666667 0.048177083333333336 0.03125
0 0.059244791666666664 0.3444010416666667 0.029947916666666668 0.022135416666666668
0 0.22330729166666666 0.927734375 0.029947916666666668 0.14453125
0 0.3483072916666667 0.4270833333333333 0.009114583333333334 0.010416666666666666
0 0.3333333333333333 0.4329427083333333 0.020833333333333332 0.014322916666666666
0 0.07552083333333333 0.31640625 0.03125 0.028645833333333332
0 0.08854166666666667 0.3619791666666667 0.036458333333333336 0.028645833333333332
0 0.09114583333333333 0.3079427083333333 0.044270833333333336 0.03515625
0 0.6764322916666666 0.7916666666666666 0.061197916666666664 0.06510416666666667
0 0.09765625 0.3313802083333333 0.0234375 0.01953125
0 0.07942708333333333 0.3385416666666667 0.06510416666666667 0.046875
0 0.353515625 0.439453125 0.022135416666666668 0.014322916666666666
0 0.3567708333333333 0.4296875 0.010416666666666666 0.010416666666666666
0 0.3326822916666667 0.421875 0.024739583333333332 0.015625
