0 0.9427083333333334 0.7513020833333334 0.020833333333333332 0.033854166666666664
0 0.759765625 0.611328125 0.016927083333333332 0.01171875
0 0.9244791666666666 0.736328125 0.0234375 0.014322916666666666
0 0.9296875 0.7545572916666666 0.020833333333333332 0.029947916666666668
0 0.8958333333333334 0.7434895833333334 0.036458333333333336 0.026041666666666668
0 0.962890625 0.20377604166666666 0.04296875 0.024739583333333332
0 0.9140625 0.7779947916666666 0.033854166666666664 0.01953125
0 0.7467447916666666 0.5553385416666666 0.09765625 0.014322916666666666
0 0.9173177083333334 0.787109375 0.037760416666666664 0.022135416666666668
0 0.7591145833333334 0.6360677083333334 0.020833333333333332 0.009114583333333334
0 0.79296875 0.5423177083333334 0.028645833333333332 0.01171875
