0 0.62109375 0.900390625 0.0546875 0.040364583333333336
0 0.6380208333333334 0.9759114583333334 0.026041666666666668 0.022135416666666668
0 0.5787760416666666 0.9303385416666666 0.037760416666666664 0.037760416666666664
0 0.6536458333333334 0.9915364583333334 0.026041666666666668 0.016927083333333332
0 0.6126302083333334 0.9583333333333334 0.03515625 0.036458333333333336
0 0.4615885416666667 0.7877604166666666 0.01171875 0.005208333333333333
0 0.6555989583333334 0.953125 0.02734375 0.026041666666666668
0 0.9993489583333334 0.4244791666666667 0.0013020833333333333 0.0390625
0 0.6328125 0.9296875 0.036458333333333336 0.036458333333333336
0 0.4654947916666667 0.7923177083333334 0.01953125 0.009114583333333334
0 0.7109375 0.94140625 0.0546875 0.0390625
