0 0.7845052083333334 0.3177083333333333 0.053385416666666664 0.020833333333333332
0 0.9557291666666666 0.3600260416666667 0.0234375 0.022135416666666668
0 0.916015625 0.53125 0.009114583333333334 0.010416666666666666
0 0.9134114583333334 0.515625 0.016927083333333332 0.010416666666666666
0 0.9251302083333334 0.5208333333333334 0.01953125 0.0078125
0 0.80859375 0.822265625 0.09635416666666667 0.07421875
0 0.7864583333333334 0.333984375 0.049479166666666664 0.01953125
0 0.8346354166666666 0.83203125 0.09895833333333333 0.08072916666666667
0 0.7923177083333334 0.34375 0.016927083333333332 0.0078125
0 0.83984375 0.779296875 0.036458333333333336 0.029947916666666668
0 0.912109375 0.5084635416666666 0.014322916666666666 0.009114583333333334
0 0.865234375 0.5494791666666666 0.08984375 0.08333333333333333
0 0.8684895833333334 0.78125 0.033854166666666664 0.03125
