0 0.607421875 0.0546875 0.006510416666666667 0.015625
0 0.5442708333333334 0.14322916666666666 0.0078125 0.0078125
0 0.568359375 0.12955729166666666 0.006510416666666667 0.006510416666666667
0 0.3938802083333333 0.012369791666666666 0.016927083333333332 0.009114583333333334
0 0.5885416666666666 0.046875 0.010416666666666666 0.015625
0 0.572265625 0.029947916666666668 0.014322916666666666 0.010416666666666666
0 0.576171875 0.047526041666666664 0.006510416666666667 0.006510416666666667
0 0.5787760416666666 0.091796875 0.009114583333333334 0.009114583333333334
0 0.3763020833333333 0.016276041666666668 0.013020833333333334 0.006510416666666667
0 0.5247395833333334 0.080078125 0.0078125 0.014322916666666666
