0 0.896484375 0.66015625 0.07161458333333333 0.052083333333333336
0 0.8372395833333334 0.373046875 0.0703125 0.07161458333333333
0 0.4954427083333333 0.60546875 0.045572916666666664 0.06770833333333333
0 0.474609375 0.6920572916666666 0.045572916666666664 0.07161458333333333
0 0.47265625 0.045572916666666664 0.06510416666666667 0.07291666666666667
0 0.9361979166666666 0.6861979166666666 0.028645833333333332 0.020833333333333332
0 0.5149739583333334 0.529296875 0.016927083333333332 0.01953125
0 0.5169270833333334 0.65234375 0.020833333333333332 0.028645833333333332
0 0.48828125 0.06315104166666667 0.07291666666666667 0.08203125
0 0.5045572916666666 0.09700520833333333 0.045572916666666664 0.055989583333333336
0 0.4934895833333333 0.662109375 0.13541666666666666 0.20703125
0 0.4908854166666667 0.08984375 0.052083333333333336 0.059895833333333336
0 0.8248697916666666 0.380859375 0.022135416666666668 0.022135416666666668
