0 0.07161458333333333 0.22005208333333334 0.049479166666666664 0.036458333333333336
0 0.3795572916666667 0.4498697916666667 0.05078125 0.09244791666666667
0 0.3001302083333333 0.48046875 0.016927083333333332 0.013020833333333334
0 0.3971354166666667 0.5052083333333334 0.018229166666666668 0.028645833333333332
0 0.4967447916666667 0.25 0.045572916666666664 0.052083333333333336
0 0.2578125 0.13997395833333334 0.020833333333333332 0.05859375
0 0.400390625 0.4602864583333333 0.016927083333333332 0.029947916666666668
0 0.2779947916666667 0.8391927083333334 0.02734375 0.032552083333333336
0 0.486328125 0.248046875 0.01171875 0.014322916666666666
0 0.275390625 0.13802083333333334 0.024739583333333332 0.08333333333333333
0 0.055989583333333336 0.22786458333333334 0.036458333333333336 0.03125
0 0.24153645833333334 0.13346354166666666 0.022135416666666668 0.06640625
