0 0.5501302083333334 0.09114583333333333 0.016927083333333332 0.018229166666666668
0 0.23372395833333334 0.125 0.016927083333333332 0.018229166666666668
0 0.2688802083333333 0.10481770833333333 0.022135416666666668 0.014322916666666666
0 0.09830729166666667 0.166015625 0.016927083333333332 0.014322916666666666
0 0.2923177083333333 0.11197916666666667 0.016927083333333332 0.018229166666666668
0 0.20768229166666666 0.12760416666666666 0.016927083333333332 0.018229166666666668
0 0.220703125 0.12239583333333333 0.01171875 0.018229166666666668
0 0.09375 0.17122395833333334 0.013020833333333334 0.009114583333333334
0 0.189453125 0.12369791666666667 0.014322916666666666 0.015625
0 0.123046875 0.150390625 0.016927083333333332 0.014322916666666666
