0 0.5703125 0.4348958333333333 0.06770833333333333 0.057291666666666664
0 0.2760416666666667 0.6477864583333334 0.07552083333333333 0.09505208333333333
0 0.3984375 0.6477864583333334 0.046875 0.053385416666666664
0 0.6315104166666666 0.23893229166666666 0.036458333333333336 0.029947916666666668
0 0.4381510416666667 0.6809895833333334 0.01953125 0.018229166666666668
0 0.3997395833333333 0.677734375 0.0546875 0.06380208333333333
0 0.986328125 0.013020833333333334 0.024739583333333332 0.018229166666666668
0 0.4609375 0.6673177083333334 0.015625 0.01953125
0 0.3736979166666667 0.681640625 0.0625 0.07421875
0 0.9309895833333334 0.28515625 0.13541666666666666 0.11458333333333333
