0 0.62890625 0.0625 0.010416666666666666 0.0078125
0 0.13997395833333334 0.8815104166666666 0.024739583333333332 0.010416666666666666
0 0.5677083333333334 0.083984375 0.010416666666666666 0.009114583333333334
0 0.515625 0.17513020833333334 0.0078125 0.006510416666666667
0 0.513671875 0.12825520833333334 0.01171875 0.01171875
0 0.126953125 0.8170572916666666 0.014322916666666666 0.014322916666666666
0 0.2799479166666667 0.00390625 0.010416666666666666 0.0078125
0 0.12109375 0.8977864583333334 0.015625 0.01953125
0 0.9661458333333334 0.2545572916666667 0.015625 0.022135416666666668
0 0.6119791666666666 0.08528645833333333 0.0078125 0.006510416666666667
0 0.5162760416666666 0.111328125 0.009114583333333334 0.009114583333333334
0 0.5201822916666666 0.07747395833333333 0.009114583333333334 0.009114583333333334
