0 0.912109375 0.7584635416666666 0.009114583333333334 0.009114583333333334
0 0.8776041666666666 0.8098958333333334 0.0078125 0.0078125
0 0.9016927083333334 0.7962239583333334 0.006510416666666667 0.006510416666666667
0 0.921875 0.7135416666666666 0.010416666666666666 0.015625
0 0.7096354166666666 0.6829427083333334 0.013020833333333334 0.006510416666666667
0 0.8580729166666666 0.7467447916666666 0.0078125 0.014322916666666666
0 0.9095052083333334 0.7141927083333334 0.006510416666666667 0.006510416666666667
0 0.7272135416666666 0.6790364583333334 0.016927083333333332 0.009114583333333334
0 0.9407552083333334 0.7213541666666666 0.006510416666666667 0.015625
0 0.9055989583333334 0.6966145833333334 0.014322916666666666 0.010416666666666666
