0 0.11458333333333333 0.044270833333333336 0.057291666666666664 0.044270833333333336
0 0.9361979166666666 0.4348958333333333 0.08072916666666667 0.026041666666666668
0 0.5657552083333334 0.7630208333333334 0.029947916666666668 0.036458333333333336
0 0.6920572916666666 0.2838541666666667 0.11067708333333333 0.057291666666666664
0 0.66015625 0.498046875 0.08333333333333333 0.037760416666666664
0 0.4817708333333333 0.08268229166666667 0.078125 0.024739583333333332
0 0.15299479166666666 0.6048177083333334 0.024739583333333332 0.10286458333333333
0 0.783203125 0.5631510416666666 0.061197916666666664 0.029947916666666668
0 0.505859375 0.7220052083333334 0.029947916666666668 0.053385416666666664
0 0.24088541666666666 0.19921875 0.1015625 0.07291666666666667
