0 0.4596354166666667 0.59375 0.15364583333333334 0.028645833333333332
0 0.2604166666666667 0.18815104166666666 0.0234375 0.01171875
0 0.2584635416666667 0.21614583333333334 0.053385416666666664 0.020833333333333332
0 0.5696614583333334 0.3528645833333333 0.048177083333333336 0.049479166666666664
0 0.13216145833333334 0.6067708333333334 0.037760416666666664 0.013020833333333334
0 0.17838541666666666 0.6041666666666666 0.0390625 0.015625
0 0.2779947916666667 0.23763020833333334 0.06380208333333333 0.02734375
0 0.5618489583333334 0.3411458333333333 0.037760416666666664 0.0390625
0 0.224609375 0.6048177083333334 0.03515625 0.014322916666666666
0 0.2662760416666667 0.6041666666666666 0.040364583333333336 0.015625
0 0.5514322916666666 0.3352864583333333 0.032552083333333336 0.03515625
