0 0.9505208333333334 0.08138020833333333 0.015625 0.01953125
0 0.3919270833333333 0.3795572916666667 0.0026041666666666665 0.0013020833333333333
0 0.388671875 0.3776041666666667 0.0013020833333333333 0.0026041666666666665
0 0.1484375 0.3587239583333333 0.015625 0.016927083333333332
0 0.09700520833333333 0.421875 0.014322916666666666 0.013020833333333334
0 0.030598958333333332 0.22786458333333334 0.006510416666666667 0.010416666666666666
0 0.7018229166666666 0.328125 0.020833333333333332 0.0234375
0 0.8216145833333334 0.19010416666666666 0.010416666666666666 0.015625
0 0.9563802083333334 0.3046875 0.01953125 0.018229166666666668
0 0.5924479166666666 0.3795572916666667 0.010416666666666666 0.01171875
0 0.876953125 0.007161458333333333 0.009114583333333334 0.014322916666666666
