0 0.8138020833333334 0.853515625 0.1171875 0.08203125
0 0.5123697916666666 0.650390625 0.08463541666666667 0.07421875
0 0.9440104166666666 0.21484375 0.08854166666666667 0.09114583333333333
0 0.5768229166666666 0.3606770833333333 0.052083333333333336 0.036458333333333336
0 0.251953125 0.59375 0.055989583333333336 0.0546875
0 0.20052083333333334 0.033854166666666664 0.07291666666666667 0.06770833333333333
0 0.22721354166666666 0.880859375 0.05859375 0.053385416666666664
0 0.9993489583333334 0.6412760416666666 0.0013020833333333333 0.014322916666666666
0 0.4173177083333333 0.744140625 0.016927083333333332 0.006510416666666667
0 0.8450520833333334 0.658203125 0.09635416666666667 0.08203125
