0 0.2936197916666667 0.8365885416666666 0.01171875 0.01171875
0 0.359375 0.7278645833333334 0.015625 0.013020833333333334
0 0.25 0.85546875 0.010416666666666666 0.010416666666666666
0 0.4244791666666667 0.666015625 0.013020833333333334 0.01171875
0 0.3984375 0.5078125 0.018229166666666668 0.015625
0 0.17708333333333334 0.9739583333333334 0.013020833333333334 0.010416666666666666
0 0.3053385416666667 0.8665364583333334 0.01171875 0.014322916666666666
0 0.4264322916666667 0.5794270833333334 0.009114583333333334 0.010416666666666666
0 0.24348958333333334 0.8346354166666666 0.013020833333333334 0.013020833333333334
0 0.3098958333333333 0.80078125 0.013020833333333334 0.013020833333333334
0 0.3541666666666667 0.6809895833333334 0.015625 0.013020833333333334
