0 0.548828125 0.10026041666666667 0.11328125 0.08072916666666667
0 0.111328125 0.810546875 0.014322916666666666 0.009114583333333334
0 0.9055989583333334 0.6158854166666666 0.032552083333333336 0.0078125
0 0.931640625 0.6041666666666666 0.01171875 0.020833333333333332
0 0.8997395833333334 0.6087239583333334 0.041666666666666664 0.01171875
0 0.369140625 0.16731770833333334 0.009114583333333334 0.00390625
0 0.810546875 0.9114583333333334 0.032552083333333336 0.018229166666666668
0 0.6725260416666666 0.423828125 0.006510416666666667 0.009114583333333334
0 0.21484375 0.189453125 0.005208333333333333 0.009114583333333334
0 0.15690104166666666 0.412109375 0.01171875 0.014322916666666666
