0 0.24348958333333334 0.10677083333333333 0.015625 0.015625
0 0.20182291666666666 0.10481770833333333 0.026041666666666668 0.024739583333333332
0 0.236328125 0.0078125 0.01953125 0.015625
0 0.2265625 0.09114583333333333 0.018229166666666668 0.018229166666666668
0 0.18229166666666666 0.080078125 0.020833333333333332 0.01953125
0 0.2604166666666667 0.06575520833333333 0.018229166666666668 0.016927083333333332
0 0.2734375 0.043619791666666664 0.015625 0.016927083333333332
0 0.275390625 0.078125 0.016927083333333332 0.018229166666666668
0 0.17317708333333334 0.07486979166666667 0.026041666666666668 0.024739583333333332
0 0.22721354166666666 0.130859375 0.024739583333333332 0.02734375
0 0.19401041666666666 0.08984375 0.020833333333333332 0.020833333333333332
0 0.20442708333333334 0.0703125 0.018229166666666668 0.018229166666666668
