0 0.9342447916666666 0.087890625 0.08203125 0.05859375
0 0.5865885416666666 0.443359375 0.053385416666666664 0.04296875
0 0.9290364583333334 0.3470052083333333 0.04296875 0.045572916666666664
0 0.880859375 0.3131510416666667 0.01171875 0.016927083333333332
0 0.455078125 0.18424479166666666 0.03515625 0.02734375
0 0.6744791666666666 0.1875 0.07291666666666667 0.07552083333333333
0 0.9212239583333334 0.3561197916666667 0.05078125 0.05078125
0 0.5052083333333334 0.3645833333333333 0.026041666666666668 0.026041666666666668
0 0.53515625 0.3984375 0.028645833333333332 0.028645833333333332
0 0.912109375 0.3665364583333333 0.048177083333333336 0.048177083333333336
0 0.8828125 0.054036458333333336 0.018229166666666668 0.014322916666666666
