0 0.5013020833333334 0.4173177083333333 0.078125 0.06380208333333333
0 0.2578125 0.806640625 0.020833333333333332 0.05859375
0 0.3424479166666667 0.6106770833333334 0.078125 0.06770833333333333
0 0.07161458333333333 0.88671875 0.049479166666666664 0.036458333333333336
0 0.24153645833333334 0.8001302083333334 0.022135416666666668 0.06640625
0 0.486328125 0.9147135416666666 0.01171875 0.014322916666666666
0 0.4967447916666667 0.9166666666666666 0.045572916666666664 0.052083333333333336
0 0.52734375 0.376953125 0.0703125 0.06901041666666667
0 0.055989583333333336 0.89453125 0.036458333333333336 0.03125
0 0.275390625 0.8046875 0.024739583333333332 0.08333333333333333
