0 0.8606770833333334 0.08984375 0.020833333333333332 0.020833333333333332
0 0.9401041666666666 0.043619791666666664 0.015625 0.016927083333333332
0 0.8489583333333334 0.080078125 0.020833333333333332 0.01953125
0 0.83984375 0.07486979166666667 0.026041666666666668 0.024739583333333332
0 0.9270833333333334 0.06575520833333333 0.018229166666666668 0.016927083333333332
0 0.9420572916666666 0.078125 0.016927083333333332 0.018229166666666668
0 0.9029947916666666 0.0078125 0.01953125 0.015625
0 0.8938802083333334 0.130859375 0.024739583333333332 0.02734375
0 0.87109375 0.0703125 0.018229166666666668 0.018229166666666668
0 0.8932291666666666 0.09114583333333333 0.018229166666666668 0.018229166666666668
0 0.91015625 0.10677083333333333 0.015625 0.015625
0 0.8684895833333334 0.10481770833333333 0.026041666666666668 0.024739583333333332
