0 0.18294270833333334 0.15364583333333334 0.08463541666666667 0.07291666666666667
0 0.865234375 0.080078125 0.055989583333333336 0.11067708333333333
0 0.9993489583333334 0.3138020833333333 0.0013020833333333333 0.013020833333333334
0 0.13541666666666666 0.4921875 0.026041666666666668 0.020833333333333332
0 0.6653645833333334 0.7955729166666666 0.08333333333333333 0.08854166666666667
0 0.12044270833333333 0.8444010416666666 0.06380208333333333 0.05078125
0 0.9674479166666666 0.41796875 0.020833333333333332 0.059895833333333336
0 0.7063802083333334 0.3391927083333333 0.048177083333333336 0.06640625
0 0.4837239583333333 0.537109375 0.07421875 0.053385416666666664
0 0.3815104166666667 0.2884114583333333 0.07552083333333333 0.05859375
