0 0.205078125 0.4329427083333333 0.009114583333333334 0.009114583333333334
0 0.1640625 0.3815104166666667 0.0078125 0.0078125
0 0.173828125 0.3971354166666667 0.009114583333333334 0.010416666666666666
0 0.138671875 0.3196614583333333 0.016927083333333332 0.01171875
0 0.5690104166666666 0.3873697916666667 0.018229166666666668 0.024739583333333332
0 0.5787760416666666 0.361328125 0.016927083333333332 0.024739583333333332
0 0.265625 0.3424479166666667 0.010416666666666666 0.010416666666666666
0 0.376953125 0.419921875 0.01953125 0.032552083333333336
0 0.11328125 0.2747395833333333 0.010416666666666666 0.010416666666666666
0 0.19791666666666666 0.4264322916666667 0.010416666666666666 0.009114583333333334
0 0.5045572916666666 0.5032552083333334 0.016927083333333332 0.02734375
