0 0.5592447916666666 0.48046875 0.016927083333333332 0.026041666666666668
0 0.4537760416666667 0.7578125 0.01953125 0.03125
0 0.5716145833333334 0.4114583333333333 0.018229166666666668 0.036458333333333336
0 0.6829427083333334 0.9401041666666666 0.13932291666666666 0.07291666666666667
0 0.466796875 0.7903645833333334 0.03515625 0.036458333333333336
0 0.5 0.83203125 0.0390625 0.044270833333333336
0 0.5514322916666666 0.9016927083333334 0.03515625 0.037760416666666664
0 0.927734375 0.8463541666666666 0.09765625 0.057291666666666664
0 0.5755208333333334 0.93359375 0.0390625 0.041666666666666664
0 0.5266927083333334 0.8684895833333334 0.032552083333333336 0.036458333333333336
0 0.56640625 0.4485677083333333 0.018229166666666668 0.037760416666666664
0 0.5071614583333334 0.3509114583333333 0.17057291666666666 0.03515625
