0 0.791015625 0.09895833333333333 0.00390625 0.0026041666666666665
0 0.7643229166666666 0.09440104166666667 0.0078125 0.006510416666666667
0 0.7825520833333334 0.08984375 0.005208333333333333 0.0026041666666666665
0 0.7838541666666666 0.09505208333333333 0.010416666666666666 0.005208333333333333
0 0.6106770833333334 0.09440104166666667 0.010416666666666666 0.009114583333333334
0 0.78515625 0.08723958333333333 0.010416666666666666 0.005208333333333333
0 0.78515625 0.09114583333333333 0.010416666666666666 0.0026041666666666665
0 0.603515625 0.09244791666666667 0.009114583333333334 0.0078125
0 0.7897135416666666 0.05078125 0.006510416666666667 0.0078125
0 0.8958333333333334 0.955078125 0.010416666666666666 0.014322916666666666
