0 0.8828125 0.3873697916666667 0.018229166666666668 0.014322916666666666
0 0.9290364583333334 0.6803385416666666 0.04296875 0.045572916666666664
0 0.53515625 0.7317708333333334 0.028645833333333332 0.028645833333333332
0 0.5052083333333334 0.6979166666666666 0.026041666666666668 0.026041666666666668
0 0.455078125 0.517578125 0.03515625 0.02734375
0 0.5865885416666666 0.7766927083333334 0.053385416666666664 0.04296875
0 0.9212239583333334 0.689453125 0.05078125 0.05078125
0 0.9342447916666666 0.4212239583333333 0.08203125 0.05859375
0 0.6744791666666666 0.5208333333333334 0.07291666666666667 0.07552083333333333
0 0.912109375 0.6998697916666666 0.048177083333333336 0.048177083333333336
0 0.880859375 0.646484375 0.01171875 0.016927083333333332
