0 0.3033854166666667 0.6126302083333334 0.0078125 0.00390625
0 0.3248697916666667 0.6549479166666666 0.006510416666666667 0.005208333333333333
0 0.3111979166666667 0.6373697916666666 0.005208333333333333 0.006510416666666667
0 0.3098958333333333 0.6614583333333334 0.005208333333333333 0.005208333333333333
0 0.2916666666666667 0.6087239583333334 0.0078125 0.006510416666666667
0 0.3138020833333333 0.6243489583333334 0.0078125 0.009114583333333334
0 0.3177083333333333 0.6126302083333334 0.005208333333333333 0.006510416666666667
0 0.3313802083333333 0.6510416666666666 0.009114583333333334 0.0078125
0 0.3098958333333333 0.6451822916666666 0.005208333333333333 0.006510416666666667
0 0.30859375 0.6529947916666666 0.005208333333333333 0.006510416666666667
0 0.3098958333333333 0.6692708333333334 0.005208333333333333 0.005208333333333333
0 0.21484375 0.6171875 0.0078125 0.005208333333333333
