0 0.86328125 0.23111979166666666 0.028645833333333332 0.022135416666666668
0 0.8723958333333334 0.234375 0.013020833333333334 0.010416666666666666
0 0.9993489583333334 0.34765625 0.0013020833333333333 0.015625
0 0.12955729166666666 0.6751302083333334 0.08203125 0.08463541666666667
0 0.8704427083333334 0.21419270833333334 0.03515625 0.02734375
0 0.3515625 0.4654947916666667 0.06510416666666667 0.06380208333333333
0 0.5651041666666666 0.053385416666666664 0.07552083333333333 0.08333333333333333
0 0.1171875 0.9446614583333334 0.11197916666666667 0.09505208333333333
0 0.8958333333333334 0.95703125 0.09375 0.08333333333333333
0 0.4850260416666667 0.8756510416666666 0.07942708333333333 0.06901041666666667
0 0.892578125 0.5032552083333334 0.07421875 0.07682291666666667
0 0.923828125 0.9563802083333334 0.08463541666666667 0.07942708333333333
