0 0.6432291666666666 0.4674479166666667 0.013020833333333334 0.013020833333333334
0 0.638671875 0.533203125 0.01171875 0.014322916666666666
0 0.19921875 0.4641927083333333 0.0234375 0.029947916666666668
0 0.626953125 0.5032552083333334 0.01171875 0.01171875
0 0.5768229166666666 0.5013020833333334 0.013020833333333334 0.013020833333333334
0 0.5104166666666666 0.640625 0.013020833333333334 0.010416666666666666
0 0.6875 0.34765625 0.015625 0.013020833333333334
0 0.7317708333333334 0.17447916666666666 0.018229166666666668 0.015625
0 0.759765625 0.24609375 0.009114583333333334 0.010416666666666666
0 0.7578125 0.3326822916666667 0.013020833333333334 0.01171875
0 0.5833333333333334 0.5221354166666666 0.010416666666666666 0.010416666666666666
0 0.6927083333333334 0.39453125 0.015625 0.013020833333333334
