0 0.5670572916666666 0.125 0.016927083333333332 0.018229166666666668
0 0.541015625 0.12760416666666666 0.016927083333333332 0.018229166666666668
0 0.4563802083333333 0.150390625 0.016927083333333332 0.014322916666666666
0 0.24088541666666666 0.2845052083333333 0.013020833333333334 0.014322916666666666
0 0.5540364583333334 0.12239583333333333 0.01171875 0.018229166666666668
0 0.6256510416666666 0.11197916666666667 0.016927083333333332 0.018229166666666668
0 0.07552083333333333 0.3743489583333333 0.0234375 0.01953125
0 0.6022135416666666 0.10481770833333333 0.022135416666666668 0.014322916666666666
0 0.08528645833333333 0.3697916666666667 0.02734375 0.0234375
0 0.5227864583333334 0.12369791666666667 0.014322916666666666 0.015625
0 0.4270833333333333 0.17122395833333334 0.013020833333333334 0.009114583333333334
0 0.8834635416666666 0.09114583333333333 0.016927083333333332 0.018229166666666668
0 0.251953125 0.2858072916666667 0.009114583333333334 0.01171875
0 0.431640625 0.166015625 0.016927083333333332 0.014322916666666666
