0 0.4596354166666667 0.5826822916666666 0.013020833333333334 0.016927083333333332
0 0.039713541666666664 0.6875 0.014322916666666666 0.018229166666666668
0 0.048177083333333336 0.685546875 0.0078125 0.009114583333333334
0 0.478515625 0.5826822916666666 0.014322916666666666 0.016927083333333332
0 0.4055989583333333 0.6087239583333334 0.022135416666666668 0.03515625
0 0.4876302083333333 0.580078125 0.014322916666666666 0.01953125
0 0.3776041666666667 0.595703125 0.010416666666666666 0.01171875
0 0.4361979166666667 0.587890625 0.015625 0.022135416666666668
0 0.012369791666666666 0.6927083333333334 0.006510416666666667 0.0078125
0 0.49609375 0.5774739583333334 0.013020833333333334 0.016927083333333332
0 0.4466145833333333 0.5859375 0.013020833333333334 0.018229166666666668
0 0.3704427083333333 0.8626302083333334 0.014322916666666666 0.016927083333333332
0 0.061197916666666664 0.6809895833333334 0.010416666666666666 0.005208333333333333
0 0.03125 0.6861979166666666 0.010416666666666666 0.013020833333333334
