0 0.9544270833333334 0.900390625 0.0546875 0.040364583333333336
0 0.912109375 0.9303385416666666 0.037760416666666664 0.037760416666666664
0 0.9459635416666666 0.9583333333333334 0.03515625 0.036458333333333336
0 0.9713541666666666 0.9759114583333334 0.026041666666666668 0.022135416666666668
0 0.986328125 0.9915364583333334 0.024739583333333332 0.016927083333333332
0 0.798828125 0.7923177083333334 0.01953125 0.009114583333333334
0 0.4765625 0.4348958333333333 0.3255208333333333 0.0625
0 0.794921875 0.7877604166666666 0.01171875 0.005208333333333333
0 0.9661458333333334 0.9296875 0.036458333333333336 0.036458333333333336
0 0.9869791666666666 0.953125 0.0234375 0.026041666666666668
