0 0.14518229166666666 0.3190104166666667 0.07942708333333333 0.028645833333333332
0 0.2532552083333333 0.5611979166666666 0.08723958333333333 0.0703125
0 0.9127604166666666 0.21484375 0.044270833333333336 0.049479166666666664
0 0.66796875 0.470703125 0.0546875 0.045572916666666664
0 0.4713541666666667 0.5787760416666666 0.07291666666666667 0.06640625
0 0.744140625 0.07747395833333333 0.055989583333333336 0.06380208333333333
0 0.5677083333333334 0.24869791666666666 0.0859375 0.057291666666666664
0 0.5813802083333334 0.4466145833333333 0.022135416666666668 0.0234375
0 0.771484375 0.3287760416666667 0.032552083333333336 0.029947916666666668
0 0.9609375 0.17057291666666666 0.020833333333333332 0.049479166666666664
