0 0.33203125 0.2838541666666667 0.0078125 0.005208333333333333
0 0.3391927083333333 0.4466145833333333 0.006510416666666667 0.010416666666666666
0 0.8522135416666666 0.259765625 0.01171875 0.022135416666666668
0 0.173828125 0.228515625 0.02734375 0.022135416666666668
0 0.4505208333333333 0.134765625 0.015625 0.014322916666666666
0 0.083984375 0.12174479166666667 0.0013020833333333333 0.0013020833333333333
0 0.8411458333333334 0.23828125 0.010416666666666666 0.028645833333333332
0 0.4850260416666667 0.3014322916666667 0.014322916666666666 0.022135416666666668
0 0.8372395833333334 0.20247395833333334 0.010416666666666666 0.022135416666666668
0 0.826171875 0.16471354166666666 0.01171875 0.024739583333333332
0 0.080078125 0.12565104166666666 0.0013020833333333333 0.0013020833333333333
0 0.3352864583333333 0.2805989583333333 0.0013020833333333333 0.0013020833333333333
0 0.0859375 0.2747395833333333 0.0234375 0.020833333333333332
0 0.3365885416666667 0.455078125 0.0013020833333333333 0.0013020833333333333
