0 0.6536458333333334 0.3483072916666667 0.06770833333333333 0.037760416666666664
0 0.9010416666666666 0.69140625 0.059895833333333336 0.028645833333333332
0 0.61328125 0.259765625 0.028645833333333332 0.009114583333333334
0 0.6712239583333334 0.3326822916666667 0.10026041666666667 0.05078125
0 0.7727864583333334 0.9765625 0.055989583333333336 0.028645833333333332
0 0.5188802083333334 0.4889322916666667 0.08984375 0.032552083333333336
0 0.7408854166666666 0.5540364583333334 0.052083333333333336 0.02734375
0 0.9576822916666666 0.4876302083333333 0.08203125 0.03515625
0 0.6555989583333334 0.0625 0.10807291666666667 0.044270833333333336
0 0.7513020833333334 0.7981770833333334 0.018229166666666668 0.013020833333333334
0 0.9518229166666666 0.9850260416666666 0.09375 0.029947916666666668
0 0.720703125 0.7584635416666666 0.061197916666666664 0.024739583333333332
0 0.58203125 0.8951822916666666 0.0546875 0.032552083333333336
0 0.9388020833333334 0.24609375 0.052083333333333336 0.03125
