0 0.6529947916666666 0.037760416666666664 0.055989583333333336 0.0703125
0 0.9583333333333334 0.14322916666666666 0.018229166666666668 0.026041666666666668
0 0.4830729166666667 0.38671875 0.020833333333333332 0.036458333333333336
0 0.5279947916666666 0.8411458333333334 0.04296875 0.044270833333333336
0 0.8841145833333334 0.4251302083333333 0.09635416666666667 0.12630208333333334
0 0.5338541666666666 0.853515625 0.0234375 0.024739583333333332
0 0.4739583333333333 0.4791666666666667 0.049479166666666664 0.044270833333333336
0 0.875 0.4029947916666667 0.06510416666666667 0.08463541666666667
0 0.5436197916666666 0.8522135416666666 0.029947916666666668 0.032552083333333336
0 0.845703125 0.3404947916666667 0.029947916666666668 0.03515625
0 0.4811197916666667 0.3658854166666667 0.037760416666666664 0.041666666666666664
0 0.466796875 0.3567708333333333 0.040364583333333336 0.046875
0 0.826171875 0.3385416666666667 0.09505208333333333 0.12760416666666666
0 0.544921875 0.23111979166666666 0.03515625 0.05078125
