0 0.5807291666666666 0.294921875 0.0078125 0.01171875
0 0.5455729166666666 0.3059895833333333 0.0078125 0.010416666666666666
0 0.5494791666666666 0.3033854166666667 0.010416666666666666 0.013020833333333334
0 0.603515625 0.2897135416666667 0.006510416666666667 0.01171875
0 0.7389322916666666 0.24739583333333334 0.014322916666666666 0.0078125
0 0.6106770833333334 0.2858072916666667 0.0078125 0.01171875
0 0.5983072916666666 0.291015625 0.006510416666666667 0.01171875
0 0.568359375 0.296875 0.009114583333333334 0.013020833333333334
0 0.5377604166666666 0.3059895833333333 0.0078125 0.013020833333333334
0 0.62109375 0.2858072916666667 0.013020833333333334 0.01171875
0 0.5592447916666666 0.2994791666666667 0.009114583333333334 0.013020833333333334
0 0.5885416666666666 0.2936197916666667 0.010416666666666666 0.01171875
