0 0.8600260416666666 0.8346354166666666 0.01953125 0.005208333333333333
0 0.8834635416666666 0.828125 0.01171875 0.018229166666666668
0 0.028645833333333332 0.5598958333333334 0.044270833333333336 0.046875
0 0.8600260416666666 0.83984375 0.022135416666666668 0.005208333333333333
0 0.8111979166666666 0.8372395833333334 0.033854166666666664 0.0078125
0 0.765625 0.828125 0.020833333333333332 0.005208333333333333
0 0.7044270833333334 0.8307291666666666 0.044270833333333336 0.010416666666666666
0 0.8756510416666666 0.7936197916666666 0.029947916666666668 0.01171875
0 0.490234375 0.8196614583333334 0.08203125 0.014322916666666666
0 0.728515625 0.74609375 0.13151041666666666 0.036458333333333336
0 0.7623697916666666 0.8333333333333334 0.029947916666666668 0.0078125
