0 0.2897135416666667 0.16145833333333334 0.02734375 0.015625
0 0.3997395833333333 0.20572916666666666 0.013020833333333334 0.013020833333333334
0 0.6204427083333334 0.08984375 0.01171875 0.013020833333333334
0 0.3138020833333333 0.24544270833333334 0.0078125 0.009114583333333334
0 0.4798177083333333 0.26171875 0.01953125 0.013020833333333334
0 0.15494791666666666 0.5234375 0.010416666666666666 0.015625
0 0.2890625 0.6380208333333334 0.018229166666666668 0.018229166666666668
0 0.6380208333333334 0.1640625 0.010416666666666666 0.013020833333333334
0 0.2838541666666667 0.4147135416666667 0.015625 0.01953125
0 0.21028645833333334 0.3404947916666667 0.009114583333333334 0.014322916666666666
0 0.5716145833333334 0.212890625 0.0234375 0.01953125
0 0.03515625 0.6614583333333334 0.020833333333333332 0.0234375
