0 0.96875 0.3873697916666667 0.018229166666666668 0.009114583333333334
0 0.458984375 0.043619791666666664 0.014322916666666666 0.01953125
0 0.90234375 0.5208333333333334 0.018229166666666668 0.015625
0 0.4459635416666667 0.251953125 0.016927083333333332 0.01953125
0 0.9908854166666666 0.205078125 0.015625 0.01171875
0 0.9772135416666666 0.2688802083333333 0.01171875 0.006510416666666667
0 0.9576822916666666 0.3684895833333333 0.01171875 0.010416666666666666
0 0.9713541666666666 0.3157552083333333 0.013020833333333334 0.009114583333333334
0 0.5169270833333334 0.050130208333333336 0.020833333333333332 0.009114583333333334
0 0.9635416666666666 0.3196614583333333 0.015625 0.01171875
0 0.958984375 0.455078125 0.014322916666666666 0.009114583333333334
