0 0.19466145833333334 0.9609375 0.14713541666666666 0.028645833333333332
0 0.658203125 0.970703125 0.20963541666666666 0.03515625
0 0.22265625 0.18684895833333334 0.041666666666666664 0.037760416666666664
0 0.1796875 0.15169270833333334 0.033854166666666664 0.03515625
0 0.14322916666666666 0.11783854166666667 0.036458333333333336 0.03515625
0 0.4915364583333333 0.9596354166666666 0.03515625 0.020833333333333332
0 0.6640625 0.2421875 0.18229166666666666 0.15625
0 0.7923177083333334 0.6555989583333334 0.18880208333333334 0.16536458333333334
0 0.87109375 0.9674479166666666 0.16927083333333334 0.033854166666666664
0 0.806640625 0.3430989583333333 0.032552083333333336 0.029947916666666668
0 0.630859375 0.5188802083333334 0.17578125 0.15755208333333334
