0 0.4212239583333333 0.07421875 0.01953125 0.018229166666666668
0 0.36328125 0.055989583333333336 0.020833333333333332 0.020833333333333332
0 0.732421875 0.09309895833333333 0.022135416666666668 0.022135416666666668
0 0.5091145833333334 0.08658854166666667 0.018229166666666668 0.014322916666666666
0 0.5514322916666666 0.07356770833333333 0.014322916666666666 0.014322916666666666
0 0.6653645833333334 0.083984375 0.015625 0.01171875
0 0.2532552083333333 0.029947916666666668 0.01953125 0.020833333333333332
0 0.42578125 0.6165364583333334 0.1640625 0.10546875
0 0.404296875 0.07486979166666667 0.014322916666666666 0.014322916666666666
0 0.5703125 0.09114583333333333 0.020833333333333332 0.015625
