0 0.54296875 0.7102864583333334 0.041666666666666664 0.029947916666666668
0 0.5651041666666666 0.6380208333333334 0.0390625 0.03125
0 0.5188802083333334 0.7317708333333334 0.03515625 0.049479166666666664
0 0.3411458333333333 0.4192708333333333 0.013020833333333334 0.044270833333333336
0 0.4264322916666667 0.91796875 0.01171875 0.020833333333333332
0 0.5325520833333334 0.7779947916666666 0.0234375 0.05078125
0 0.2994791666666667 0.3912760416666667 0.036458333333333336 0.032552083333333336
0 0.23697916666666666 0.3072916666666667 0.033854166666666664 0.041666666666666664
0 0.3873697916666667 0.4427083333333333 0.048177083333333336 0.03125
0 0.5364583333333334 0.7317708333333334 0.03125 0.041666666666666664
0 0.3170572916666667 0.404296875 0.029947916666666668 0.045572916666666664
0 0.21419270833333334 0.2701822916666667 0.01953125 0.032552083333333336
0 0.2545572916666667 0.333984375 0.04296875 0.029947916666666668
