0 0.6959635416666666 0.6510416666666666 0.022135416666666668 0.015625
0 0.6276041666666666 0.6647135416666666 0.0234375 0.01171875
0 0.509765625 0.578125 0.014322916666666666 0.018229166666666668
0 0.5442708333333334 0.7174479166666666 0.013020833333333334 0.020833333333333332
0 0.412109375 0.4889322916666667 0.016927083333333332 0.022135416666666668
0 0.5729166666666666 0.599609375 0.018229166666666668 0.016927083333333332
0 0.333984375 0.2994791666666667 0.022135416666666668 0.013020833333333334
0 0.6796875 0.6321614583333334 0.0234375 0.014322916666666666
0 0.6165364583333334 0.7154947916666666 0.01953125 0.01953125
0 0.3893229166666667 0.5794270833333334 0.013020833333333334 0.015625
0 0.6282552083333334 0.6875 0.029947916666666668 0.018229166666666668
0 0.6341145833333334 0.62109375 0.018229166666666668 0.013020833333333334
