0 0.9388020833333334 0.12565104166666666 0.015625 0.022135416666666668
0 0.7923177083333334 0.373046875 0.01953125 0.02734375
0 0.224609375 0.8802083333333334 0.024739583333333332 0.015625
0 0.6373697916666666 0.7766927083333334 0.01953125 0.022135416666666668
0 0.8333333333333334 0.17122395833333334 0.010416666666666666 0.01953125
0 0.7434895833333334 0.310546875 0.015625 0.016927083333333332
0 0.408203125 0.033203125 0.024739583333333332 0.02734375
0 0.4212239583333333 0.8600260416666666 0.01953125 0.029947916666666668
0 0.6282552083333334 0.5026041666666666 0.045572916666666664 0.044270833333333336
0 0.3268229166666667 0.97265625 0.013020833333333334 0.0234375
0 0.6484375 0.7766927083333334 0.015625 0.022135416666666668
0 0.89453125 0.279296875 0.013020833333333334 0.01953125
