0 0.2643229166666667 0.8704427083333334 0.11979166666666667 0.09765625
0 0.103515625 0.5169270833333334 0.029947916666666668 0.026041666666666668
0 0.34765625 0.5397135416666666 0.0390625 0.10807291666666667
0 0.5358072916666666 0.623046875 0.053385416666666664 0.05078125
0 0.7506510416666666 0.271484375 0.061197916666666664 0.055989583333333336
0 0.7890625 0.681640625 0.057291666666666664 0.06380208333333333
0 0.19596354166666666 0.330078125 0.03515625 0.032552083333333336
0 0.022135416666666668 0.478515625 0.020833333333333332 0.016927083333333332
0 0.9114583333333334 0.953125 0.07552083333333333 0.057291666666666664
0 0.06770833333333333 0.3528645833333333 0.049479166666666664 0.046875
0 0.9680989583333334 0.5774739583333334 0.02734375 0.029947916666666668
