0 0.9622395833333334 0.3958333333333333 0.010416666666666666 0.0078125
0 0.849609375 0.4446614583333333 0.009114583333333334 0.009114583333333334
0 0.8470052083333334 0.4615885416666667 0.01171875 0.01171875
0 0.853515625 0.4108072916666667 0.01171875 0.01171875
0 0.8489583333333334 0.5084635416666666 0.0078125 0.006510416666666667
0 0.6171875 0.2766927083333333 0.015625 0.009114583333333334
0 0.61328125 0.3372395833333333 0.010416666666666666 0.0078125
0 0.5494791666666666 0.259765625 0.013020833333333334 0.014322916666666666
0 0.9010416666666666 0.4173177083333333 0.010416666666666666 0.009114583333333334
0 0.6080729166666666 0.3255208333333333 0.013020833333333334 0.013020833333333334
0 0.9453125 0.4186197916666667 0.0078125 0.006510416666666667
