0 0.580078125 0.7845052083333334 0.01171875 0.016927083333333332
0 0.74609375 0.5403645833333334 0.015625 0.0234375
0 0.5963541666666666 0.8229166666666666 0.010416666666666666 0.015625
0 0.5924479166666666 0.80078125 0.013020833333333334 0.020833333333333332
0 0.5638020833333334 0.8014322916666666 0.013020833333333334 0.016927083333333332
0 0.5833333333333334 0.80078125 0.013020833333333334 0.015625
0 0.6803385416666666 0.666015625 0.032552083333333336 0.06901041666666667
0 0.7532552083333334 0.564453125 0.014322916666666666 0.024739583333333332
0 0.763671875 0.5846354166666666 0.009114583333333334 0.015625
0 0.7044270833333334 0.6595052083333334 0.03125 0.06640625
0 0.7220052083333334 0.5462239583333334 0.040364583333333336 0.08723958333333333
0 0.6341145833333334 0.7734375 0.018229166666666668 0.03125
0 0.5904947916666666 0.82421875 0.016927083333333332 0.020833333333333332
0 0.7571614583333334 0.5859375 0.009114583333333334 0.015625
