0 0.796875 0.23828125 0.15104166666666666 0.09635416666666667
0 0.9342447916666666 0.28515625 0.037760416666666664 0.0234375
0 0.923828125 0.3157552083333333 0.14973958333333334 0.08984375
0 0.8118489583333334 0.2760416666666667 0.03515625 0.020833333333333332
0 0.7317708333333334 0.421875 0.033854166666666664 0.015625
0 0.7760416666666666 0.9759114583333334 0.03125 0.016927083333333332
0 0.763671875 0.9407552083333334 0.15234375 0.08984375
0 0.9680989583333334 0.5768229166666666 0.03515625 0.026041666666666668
0 0.21419270833333334 0.80859375 0.05859375 0.046875
0 0.9427083333333334 0.5358072916666666 0.11197916666666667 0.09244791666666667
0 0.724609375 0.384765625 0.16536458333333334 0.10546875
