0 0.6575520833333334 0.9694010416666666 0.015625 0.01171875
0 0.71484375 0.892578125 0.015625 0.016927083333333332
0 0.6399739583333334 0.9947916666666666 0.022135416666666668 0.010416666666666666
0 0.673828125 0.8932291666666666 0.016927083333333332 0.015625
0 0.669921875 0.876953125 0.016927083333333332 0.009114583333333334
0 0.728515625 0.970703125 0.016927083333333332 0.01171875
0 0.6653645833333334 0.9095052083333334 0.020833333333333332 0.01171875
0 0.65625 0.9479166666666666 0.013020833333333334 0.0078125
0 0.7278645833333334 0.91015625 0.015625 0.0078125
0 0.6608072916666666 0.9251302083333334 0.016927083333333332 0.01171875
0 0.7272135416666666 0.927734375 0.014322916666666666 0.01171875
