0 0.28515625 0.6080729166666666 0.033854166666666664 0.020833333333333332
0 0.642578125 0.9212239583333334 0.07682291666666667 0.045572916666666664
0 0.3046875 0.5970052083333334 0.09375 0.055989583333333336
0 0.17057291666666666 0.21484375 0.026041666666666668 0.059895833333333336
0 0.15299479166666666 0.23111979166666666 0.032552083333333336 0.06380208333333333
0 0.6842447916666666 0.23111979166666666 0.02734375 0.06380208333333333
0 0.65625 0.9368489583333334 0.06510416666666667 0.040364583333333336
0 0.126953125 0.6315104166666666 0.024739583333333332 0.0625
0 0.10546875 0.640625 0.028645833333333332 0.08072916666666667
0 0.7220052083333334 0.23111979166666666 0.02734375 0.053385416666666664
