0 0.4114583333333333 0.24283854166666666 0.041666666666666664 0.05859375
0 0.431640625 0.13216145833333334 0.040364583333333336 0.05859375
0 0.419921875 0.12630208333333334 0.045572916666666664 0.0625
0 0.3274739583333333 0.3079427083333333 0.0013020833333333333 0.0013020833333333333
0 0.3346354166666667 0.45703125 0.046875 0.059895833333333336
0 0.31640625 0.3268229166666667 0.028645833333333332 0.033854166666666664
0 0.361328125 0.328125 0.04296875 0.059895833333333336
0 0.3795572916666667 0.22330729166666666 0.040364583333333336 0.061197916666666664
0 0.30859375 0.3203125 0.026041666666666668 0.033854166666666664
0 0.7154947916666666 0.52734375 0.07942708333333333 0.1484375
0 0.3684895833333333 0.21549479166666666 0.041666666666666664 0.061197916666666664
0 0.4680989583333333 0.14127604166666666 0.03515625 0.05078125
0 0.6946614583333334 0.36328125 0.08463541666666667 0.057291666666666664
0 0.3287760416666667 0.291015625 0.022135416666666668 0.032552083333333336
0 0.216796875 0.833984375 0.022135416666666668 0.016927083333333332
