0 0.5533854166666666 0.0546875 0.010416666666666666 0.010416666666666666
0 0.7311197916666666 0.10481770833333333 0.01171875 0.01171875
0 0.9329427083333334 0.08528645833333333 0.014322916666666666 0.014322916666666666
0 0.59375 0.024739583333333332 0.015625 0.015625
0 0.8509114583333334 0.18815104166666666 0.01953125 0.009114583333333334
0 0.8125 0.138671875 0.013020833333333334 0.014322916666666666
0 0.8678385416666666 0.10677083333333333 0.024739583333333332 0.028645833333333332
0 0.62109375 0.13346354166666666 0.013020833333333334 0.01171875
0 0.8072916666666666 0.06901041666666667 0.018229166666666668 0.015625
0 0.9322916666666666 0.053385416666666664 0.015625 0.013020833333333334
0 0.4954427083333333 0.017578125 0.014322916666666666 0.014322916666666666
0 0.7643229166666666 0.154296875 0.013020833333333334 0.01171875
