0 0.6731770833333334 0.8717447916666666 0.015625 0.016927083333333332
0 0.8977864583333334 0.9759114583333334 0.01171875 0.009114583333333334
0 0.861328125 0.9036458333333334 0.02734375 0.0234375
0 0.7096354166666666 0.9895833333333334 0.020833333333333332 0.020833333333333332
0 0.7923177083333334 0.9928385416666666 0.01953125 0.014322916666666666
0 0.9674479166666666 0.91796875 0.028645833333333332 0.013020833333333334
0 0.6686197916666666 0.9388020833333334 0.01171875 0.015625
0 0.5325520833333334 0.9720052083333334 0.015625 0.016927083333333332
0 0.5520833333333334 0.9192708333333334 0.013020833333333334 0.015625
0 0.6373697916666666 0.8190104166666666 0.01953125 0.018229166666666668
0 0.7018229166666666 0.7897135416666666 0.026041666666666668 0.024739583333333332
0 0.5533854166666666 0.849609375 0.026041666666666668 0.02734375
