0 0.3372395833333333 0.11458333333333333 0.11197916666666667 0.041666666666666664
0 0.84375 0.7545572916666666 0.13802083333333334 0.05859375
0 0.4583333333333333 0.08333333333333333 0.11197916666666667 0.041666666666666664
0 0.5950520833333334 0.041015625 0.0546875 0.024739583333333332
0 0.06705729166666667 0.4609375 0.10546875 0.0546875
0 0.431640625 0.89453125 0.006510416666666667 0.005208333333333333
0 0.599609375 0.050130208333333336 0.053385416666666664 0.024739583333333332
0 0.3138020833333333 0.3138020833333333 0.14322916666666666 0.052083333333333336
0 0.6236979166666666 0.80859375 0.18489583333333334 0.07552083333333333
0 0.057942708333333336 0.29296875 0.11067708333333333 0.13541666666666666
0 0.6712239583333334 0.020182291666666668 0.053385416666666664 0.024739583333333332
0 0.6744791666666666 0.029947916666666668 0.052083333333333336 0.020833333333333332
