0 0.7884114583333334 0.21419270833333334 0.03515625 0.01171875
0 0.62109375 0.10677083333333333 0.013020833333333334 0.0078125
0 0.6953125 0.045572916666666664 0.03125 0.015625
0 0.7376302083333334 0.22330729166666666 0.06380208333333333 0.01953125
0 0.634765625 0.10416666666666667 0.009114583333333334 0.005208333333333333
0 0.8203125 0.20963541666666666 0.028645833333333332 0.013020833333333334
0 0.8072916666666666 0.20377604166666666 0.028645833333333332 0.009114583333333334
0 0.62890625 0.11979166666666667 0.010416666666666666 0.005208333333333333
0 0.6419270833333334 0.09309895833333333 0.010416666666666666 0.00390625
0 0.6497395833333334 0.10872395833333333 0.010416666666666666 0.006510416666666667
0 0.724609375 0.24674479166666666 0.06380208333333333 0.01953125
0 0.6451822916666666 0.08268229166666667 0.01171875 0.006510416666666667
