0 0.5149739583333334 0.7805989583333334 0.029947916666666668 0.01171875
0 0.76171875 0.3372395833333333 0.036458333333333336 0.020833333333333332
0 0.6100260416666666 0.34375 0.037760416666666664 0.010416666666666666
0 0.064453125 0.55859375 0.053385416666666664 0.03125
0 0.7421875 0.9407552083333334 0.09895833333333333 0.03515625
0 0.7135416666666666 0.9192708333333334 0.033854166666666664 0.013020833333333334
0 0.054036458333333336 0.10546875 0.09244791666666667 0.046875
0 0.9466145833333334 0.6041666666666666 0.0703125 0.036458333333333336
0 0.8821614583333334 0.8697916666666666 0.022135416666666668 0.026041666666666668
0 0.2786458333333333 0.4010416666666667 0.028645833333333332 0.010416666666666666
0 0.6048177083333334 0.3665364583333333 0.11848958333333333 0.040364583333333336
0 0.783203125 0.3203125 0.12109375 0.07552083333333333
0 0.50390625 0.80078125 0.10416666666666667 0.0390625
0 0.9427083333333334 0.5872395833333334 0.026041666666666668 0.013020833333333334
0 0.2630208333333333 0.380859375 0.10416666666666667 0.040364583333333336
