0 0.0703125 0.5748697916666666 0.0078125 0.00390625
0 0.6451822916666666 0.361328125 0.01171875 0.006510416666666667
0 0.876953125 0.814453125 0.016927083333333332 0.009114583333333334
0 0.41796875 0.333984375 0.0078125 0.006510416666666667
0 0.2747395833333333 0.8470052083333334 0.026041666666666668 0.01171875
0 0.6295572916666666 0.9388020833333334 0.016927083333333332 0.0078125
0 0.057291666666666664 0.72265625 0.03125 0.013020833333333334
0 0.4407552083333333 0.6998697916666666 0.014322916666666666 0.016927083333333332
0 0.16796875 0.8756510416666666 0.018229166666666668 0.01171875
0 0.4147135416666667 0.3424479166666667 0.009114583333333334 0.005208333333333333
0 0.15104166666666666 0.6002604166666666 0.010416666666666666 0.005208333333333333
0 0.9498697916666666 0.9947916666666666 0.029947916666666668 0.010416666666666666
0 0.6647135416666666 0.3404947916666667 0.01171875 0.00390625
0 0.6692708333333334 0.3359375 0.010416666666666666 0.005208333333333333
