0 0.6920572916666666 0.20052083333333334 0.048177083333333336 0.059895833333333336
0 0.6822916666666666 0.22786458333333334 0.0703125 0.08854166666666667
0 0.6536458333333334 0.26171875 0.0546875 0.0703125
0 0.6399739583333334 0.2747395833333333 0.053385416666666664 0.06510416666666667
0 0.9231770833333334 0.8971354166666666 0.07291666666666667 0.033854166666666664
0 0.14973958333333334 0.6529947916666666 0.049479166666666664 0.032552083333333336
0 0.2747395833333333 0.619140625 0.0390625 0.03515625
0 0.13736979166666666 0.673828125 0.04296875 0.029947916666666668
0 0.5944010416666666 0.283203125 0.06640625 0.08463541666666667
0 0.255859375 0.5677083333333334 0.032552083333333336 0.036458333333333336
0 0.13736979166666666 0.6868489583333334 0.05859375 0.045572916666666664
0 0.5826822916666666 0.3059895833333333 0.05859375 0.0703125
