0 0.5670572916666666 0.3444010416666667 0.01171875 0.014322916666666666
0 0.390625 0.412109375 0.013020833333333334 0.02734375
0 0.4147135416666667 0.48046875 0.016927083333333332 0.020833333333333332
0 0.5774739583333334 0.3470052083333333 0.01953125 0.022135416666666668
0 0.4264322916666667 0.4615885416666667 0.01171875 0.014322916666666666
0 0.4641927083333333 0.4055989583333333 0.016927083333333332 0.016927083333333332
0 0.556640625 0.33203125 0.01171875 0.013020833333333334
0 0.5533854166666666 0.3391927083333333 0.015625 0.016927083333333332
0 0.4296875 0.4576822916666667 0.010416666666666666 0.01171875
0 0.4765625 0.3899739583333333 0.010416666666666666 0.009114583333333334
0 0.4407552083333333 0.4505208333333333 0.01171875 0.010416666666666666
0 0.4791666666666667 0.3971354166666667 0.010416666666666666 0.010416666666666666
0 0.416015625 0.3782552083333333 0.01953125 0.016927083333333332
0 0.4602864583333333 0.3997395833333333 0.016927083333333332 0.013020833333333334
0 0.5611979166666666 0.3248697916666667 0.020833333333333332 0.024739583333333332
