0 0.8828125 0.63671875 0.010416666666666666 0.013020833333333334
0 0.9368489583333334 0.623046875 0.006510416666666667 0.01171875
0 0.931640625 0.6243489583333334 0.006510416666666667 0.01171875
0 0.87109375 0.6393229166666666 0.0078125 0.013020833333333334
0 0.921875 0.626953125 0.010416666666666666 0.01171875
0 0.9016927083333334 0.6302083333333334 0.009114583333333334 0.013020833333333334
0 0.9140625 0.6282552083333334 0.0078125 0.01171875
0 0.9440104166666666 0.619140625 0.0078125 0.01171875
0 0.87890625 0.6393229166666666 0.0078125 0.010416666666666666
0 0.892578125 0.6328125 0.009114583333333334 0.013020833333333334
0 0.9544270833333334 0.619140625 0.013020833333333334 0.01171875
