0 0.083984375 0.466796875 0.029947916666666668 0.08723958333333333
0 0.6009114583333334 0.09765625 0.08723958333333333 0.07552083333333333
0 0.21223958333333334 0.4615885416666667 0.033854166666666664 0.07942708333333333
0 0.326171875 0.4537760416666667 0.040364583333333336 0.09244791666666667
0 0.5559895833333334 0.0625 0.028645833333333332 0.026041666666666668
0 0.3522135416666667 0.4407552083333333 0.040364583333333336 0.09765625
0 0.11458333333333333 0.7233072916666666 0.057291666666666664 0.07682291666666667
0 0.15494791666666666 0.46875 0.033854166666666664 0.08072916666666667
0 0.109375 0.462890625 0.033854166666666664 0.09505208333333333
0 0.2701822916666667 0.4407552083333333 0.037760416666666664 0.09244791666666667
0 0.3196614583333333 0.87109375 0.045572916666666664 0.07552083333333333
