0 0.3815104166666667 0.6002604166666666 0.013020833333333334 0.013020833333333334
0 0.185546875 0.4505208333333333 0.01171875 0.018229166666666668
0 0.06380208333333333 0.3990885416666667 0.0078125 0.01171875
0 0.3736979166666667 0.6100260416666666 0.010416666666666666 0.009114583333333334
0 0.197265625 0.517578125 0.01953125 0.01171875
0 0.3541666666666667 0.619140625 0.013020833333333334 0.009114583333333334
0 0.22721354166666666 0.4934895833333333 0.01171875 0.015625
0 0.12630208333333334 0.4407552083333333 0.010416666666666666 0.016927083333333332
0 0.3684895833333333 0.6061197916666666 0.013020833333333334 0.01171875
0 0.271484375 0.482421875 0.016927083333333332 0.01953125
0 0.314453125 0.494140625 0.016927083333333332 0.022135416666666668
0 0.12630208333333334 0.4303385416666667 0.0078125 0.006510416666666667
0 0.20768229166666666 0.4173177083333333 0.014322916666666666 0.016927083333333332
0 0.11002604166666667 0.384765625 0.014322916666666666 0.01171875
