0 0.27734375 0.2858072916666667 0.0078125 0.01171875
0 0.2552083333333333 0.2936197916666667 0.010416666666666666 0.01171875
0 0.4055989583333333 0.24739583333333334 0.014322916666666666 0.0078125
0 0.22591145833333334 0.2994791666666667 0.009114583333333334 0.013020833333333334
0 0.2701822916666667 0.2897135416666667 0.006510416666666667 0.01171875
0 0.21223958333333334 0.3059895833333333 0.0078125 0.010416666666666666
0 0.23502604166666666 0.296875 0.009114583333333334 0.013020833333333334
0 0.2649739583333333 0.291015625 0.006510416666666667 0.01171875
0 0.20442708333333334 0.3059895833333333 0.0078125 0.013020833333333334
0 0.24739583333333334 0.294921875 0.0078125 0.01171875
0 0.2877604166666667 0.2858072916666667 0.013020833333333334 0.01171875
0 0.21614583333333334 0.3033854166666667 0.010416666666666666 0.013020833333333334
