0 0.875 0.947265625 0.0026041666666666665 0.00390625
0 0.8795572916666666 0.9498697916666666 0.006510416666666667 0.006510416666666667
0 0.9798177083333334 0.9212239583333334 0.01171875 0.006510416666666667
0 0.8782552083333334 0.947265625 0.009114583333333334 0.009114583333333334
0 0.8743489583333334 0.943359375 0.01171875 0.01171875
0 0.888671875 0.9544270833333334 0.009114583333333334 0.010416666666666666
0 0.9830729166666666 0.9231770833333334 0.013020833333333334 0.0078125
0 0.9856770833333334 0.92578125 0.013020833333333334 0.0078125
0 0.884765625 0.9518229166666666 0.006510416666666667 0.0078125
0 0.8828125 0.94921875 0.0078125 0.0078125
0 0.912109375 0.9108072916666666 0.01171875 0.014322916666666666
0 0.982421875 0.6770833333333334 0.01171875 0.013020833333333334
0 0.9283854166666666 0.9192708333333334 0.013020833333333334 0.0078125
0 0.9850260416666666 0.931640625 0.01171875 0.006510416666666667
0 0.9153645833333334 0.912109375 0.005208333333333333 0.009114583333333334
