0 0.21484375 0.2838541666666667 0.0078125 0.005208333333333333
0 0.2916666666666667 0.275390625 0.0078125 0.006510416666666667
0 0.3111979166666667 0.3040364583333333 0.005208333333333333 0.006510416666666667
0 0.3098958333333333 0.3359375 0.005208333333333333 0.005208333333333333
0 0.4602864583333333 0.7526041666666666 0.009114583333333334 0.015625
0 0.3098958333333333 0.3118489583333333 0.005208333333333333 0.006510416666666667
0 0.30859375 0.3196614583333333 0.005208333333333333 0.006510416666666667
0 0.3177083333333333 0.279296875 0.005208333333333333 0.006510416666666667
0 0.3033854166666667 0.279296875 0.0078125 0.00390625
0 0.3098958333333333 0.328125 0.005208333333333333 0.005208333333333333
0 0.3248697916666667 0.3216145833333333 0.006510416666666667 0.005208333333333333
0 0.3138020833333333 0.291015625 0.0078125 0.009114583333333334
0 0.3313802083333333 0.3177083333333333 0.009114583333333334 0.0078125
