0 0.7669270833333334 0.6829427083333334 0.013020833333333334 0.014322916666666666
0 0.689453125 0.9212239583333334 0.022135416666666668 0.01171875
0 0.123046875 0.609375 0.01171875 0.013020833333333334
0 0.5247395833333334 0.6764322916666666 0.010416666666666666 0.01171875
0 0.478515625 0.9453125 0.009114583333333334 0.013020833333333334
0 0.7337239583333334 0.9010416666666666 0.014322916666666666 0.018229166666666668
0 0.283203125 0.12825520833333334 0.21744791666666666 0.14713541666666666
0 0.736328125 0.599609375 0.014322916666666666 0.01171875
0 0.494140625 0.7018229166666666 0.009114583333333334 0.010416666666666666
0 0.6080729166666666 0.11783854166666667 0.052083333333333336 0.045572916666666664
