0 0.7096354166666666 0.2604166666666667 0.09375 0.08072916666666667
0 0.5442708333333334 0.4108072916666667 0.08333333333333333 0.06640625
0 0.5807291666666666 0.3717447916666667 0.078125 0.07421875
0 0.5260416666666666 0.462890625 0.09375 0.06901041666666667
0 0.7122395833333334 0.6861979166666666 0.028645833333333332 0.057291666666666664
0 0.67578125 0.2955729166666667 0.08333333333333333 0.0859375
0 0.4303385416666667 0.8639322916666666 0.06901041666666667 0.06380208333333333
0 0.4251302083333333 0.7239583333333334 0.06380208333333333 0.059895833333333336
0 0.3756510416666667 0.619140625 0.014322916666666666 0.016927083333333332
0 0.54296875 0.9947916666666666 0.018229166666666668 0.010416666666666666
0 0.2799479166666667 0.736328125 0.06770833333333333 0.06380208333333333
0 0.6087239583333334 0.6451822916666666 0.014322916666666666 0.01953125
