0 0.4635416666666667 0.6295572916666666 0.026041666666666668 0.02734375
0 0.3391927083333333 0.134765625 0.01953125 0.07942708333333333
0 0.3932291666666667 0.6412760416666666 0.0234375 0.05078125
0 0.3307291666666667 0.22916666666666666 0.028645833333333332 0.018229166666666668
0 0.22981770833333334 0.5475260416666666 0.0013020833333333333 0.0013020833333333333
0 0.4055989583333333 0.6217447916666666 0.006510416666666667 0.022135416666666668
0 0.22916666666666666 0.5774739583333334 0.033854166666666664 0.05859375
0 0.2747395833333333 0.07486979166666667 0.028645833333333332 0.10286458333333333
0 0.5 0.6432291666666666 0.08333333333333333 0.1015625
0 0.3098958333333333 0.11653645833333333 0.052083333333333336 0.20963541666666666
0 0.9544270833333334 0.20963541666666666 0.08854166666666667 0.13802083333333334
