0 0.6009114583333334 0.4140625 0.014322916666666666 0.013020833333333334
0 0.9088541666666666 0.6178385416666666 0.0234375 0.032552083333333336
0 0.951171875 0.6516927083333334 0.037760416666666664 0.029947916666666668
0 0.79296875 0.5338541666666666 0.0234375 0.020833333333333332
0 0.9010416666666666 0.6041666666666666 0.020833333333333332 0.0390625
0 0.5930989583333334 0.3873697916666667 0.01171875 0.01171875
0 0.9778645833333334 0.693359375 0.028645833333333332 0.022135416666666668
0 0.515625 0.24739583333333334 0.0390625 0.020833333333333332
0 0.7955729166666666 0.5201822916666666 0.0078125 0.006510416666666667
0 0.8684895833333334 0.60546875 0.018229166666666668 0.028645833333333332
0 0.5319010416666666 0.23763020833333334 0.029947916666666668 0.032552083333333336
0 0.8404947916666666 0.5852864583333334 0.024739583333333332 0.032552083333333336
