0 0.5813802083333334 0.8834635416666666 0.08203125 0.01953125
0 0.4166666666666667 0.708984375 0.10677083333333333 0.024739583333333332
0 0.8834635416666666 0.87109375 0.09505208333333333 0.03125
0 0.9095052083333334 0.41796875 0.048177083333333336 0.0234375
0 0.90625 0.22330729166666666 0.1015625 0.032552083333333336
0 0.09309895833333333 0.72265625 0.06380208333333333 0.018229166666666668
0 0.8411458333333334 0.677734375 0.057291666666666664 0.01953125
0 0.724609375 0.5247395833333334 0.11067708333333333 0.028645833333333332
0 0.054036458333333336 0.5084635416666666 0.06380208333333333 0.016927083333333332
0 0.16861979166666666 0.92578125 0.06901041666666667 0.0234375
0 0.4114583333333333 0.4375 0.0546875 0.020833333333333332
