0 0.24674479166666666 0.7122395833333334 0.037760416666666664 0.09114583333333333
0 0.19921875 0.71875 0.03125 0.09114583333333333
0 0.9342447916666666 0.4309895833333333 0.08723958333333333 0.07552083333333333
0 0.5455729166666666 0.794921875 0.033854166666666664 0.07942708333333333
0 0.22916666666666666 0.7727864583333334 0.020833333333333332 0.029947916666666668
0 0.6595052083333334 0.787109375 0.040364583333333336 0.09244791666666667
0 0.4173177083333333 0.8001302083333334 0.029947916666666668 0.08723958333333333
0 0.4427083333333333 0.7962239583333334 0.033854166666666664 0.09505208333333333
0 0.48828125 0.8020833333333334 0.033854166666666664 0.08072916666666667
0 0.685546875 0.7740885416666666 0.040364583333333336 0.09765625
0 0.8893229166666666 0.3958333333333333 0.028645833333333332 0.026041666666666668
0 0.603515625 0.7740885416666666 0.037760416666666664 0.09244791666666667
