0 0.8111979166666666 0.7819010416666666 0.018229166666666668 0.01171875
0 0.345703125 0.408203125 0.01171875 0.01171875
0 0.8346354166666666 0.5423177083333334 0.018229166666666668 0.01171875
0 0.5358072916666666 0.4654947916666667 0.040364583333333336 0.032552083333333336
0 0.5865885416666666 0.63671875 0.016927083333333332 0.0078125
0 0.6451822916666666 0.5598958333333334 0.01953125 0.010416666666666666
0 0.453125 0.3977864583333333 0.0078125 0.009114583333333334
0 0.4303385416666667 0.353515625 0.014322916666666666 0.009114583333333334
0 0.8177083333333334 0.2669270833333333 0.010416666666666666 0.005208333333333333
0 0.7239583333333334 0.3893229166666667 0.03125 0.013020833333333334
0 0.5950520833333334 0.9361979166666666 0.020833333333333332 0.010416666666666666
0 0.9244791666666666 0.802734375 0.018229166666666668 0.009114583333333334
0 0.7369791666666666 0.24153645833333334 0.0078125 0.00390625
0 0.94140625 0.513671875 0.026041666666666668 0.01171875
0 0.4791666666666667 0.4876302083333333 0.015625 0.009114583333333334
