0 0.6048177083333334 0.7994791666666666 0.10807291666666667 0.057291666666666664
0 0.5735677083333334 0.5924479166666666 0.08984375 0.052083333333333336
0 0.4231770833333333 0.2643229166666667 0.1015625 0.03125
0 0.9055989583333334 0.14127604166666666 0.10546875 0.032552083333333336
0 0.0859375 0.3385416666666667 0.09375 0.0390625
0 0.16731770833333334 0.9283854166666666 0.11328125 0.046875
0 0.9993489583333334 0.123046875 0.0013020833333333333 0.022135416666666668
0 0.935546875 0.423828125 0.11328125 0.040364583333333336
0 0.2109375 0.2584635416666667 0.08072916666666667 0.024739583333333332
0 0.06640625 0.6139322916666666 0.10416666666666667 0.045572916666666664
0 0.2955729166666667 0.5442708333333334 0.1171875 0.044270833333333336
0 0.890625 0.15885416666666666 0.044270833333333336 0.015625
0 0.15364583333333334 0.056640625 0.10677083333333333 0.048177083333333336
