0 0.4856770833333333 0.830078125 0.03125 0.07421875
0 0.7552083333333334 0.4303385416666667 0.0703125 0.08723958333333333
0 0.9524739583333334 0.4563802083333333 0.045572916666666664 0.06380208333333333
0 0.4609375 0.4029947916666667 0.078125 0.05859375
0 0.040364583333333336 0.798828125 0.06770833333333333 0.06640625
0 0.8014322916666666 0.13346354166666666 0.05078125 0.045572916666666664
0 0.16536458333333334 0.3470052083333333 0.044270833333333336 0.061197916666666664
0 0.8020833333333334 0.16796875 0.09635416666666667 0.08854166666666667
0 0.677734375 0.8854166666666666 0.05078125 0.08333333333333333
0 0.3522135416666667 0.6295572916666666 0.08203125 0.08463541666666667
