0 0.87109375 0.4036458333333333 0.018229166666666668 0.018229166666666668
0 0.83984375 0.408203125 0.026041666666666668 0.024739583333333332
0 0.9420572916666666 0.4114583333333333 0.016927083333333332 0.018229166666666668
0 0.8938802083333334 0.4641927083333333 0.024739583333333332 0.02734375
0 0.9029947916666666 0.3391927083333333 0.01953125 0.01953125
0 0.91015625 0.4401041666666667 0.015625 0.015625
0 0.9401041666666666 0.376953125 0.015625 0.016927083333333332
0 0.8489583333333334 0.4134114583333333 0.020833333333333332 0.01953125
0 0.8606770833333334 0.4231770833333333 0.020833333333333332 0.020833333333333332
0 0.9270833333333334 0.3990885416666667 0.018229166666666668 0.016927083333333332
0 0.8932291666666666 0.4244791666666667 0.018229166666666668 0.018229166666666668
0 0.8684895833333334 0.4381510416666667 0.026041666666666668 0.024739583333333332
