0 0.3997395833333333 0.9361979166666666 0.0625 0.03125
0 0.18098958333333334 0.8782552083333334 0.044270833333333336 0.09244791666666667
0 0.033203125 0.9596354166666666 0.037760416666666664 0.08072916666666667
0 0.059895833333333336 0.9615885416666666 0.036458333333333336 0.07682291666666667
0 0.08268229166666667 0.9361979166666666 0.01171875 0.028645833333333332
0 0.10546875 0.4661458333333333 0.11979166666666667 0.09114583333333333
0 0.13151041666666666 0.4908854166666667 0.08072916666666667 0.0625
0 0.4869791666666667 0.9368489583333334 0.07291666666666667 0.032552083333333336
0 0.2571614583333333 0.8619791666666666 0.045572916666666664 0.09114583333333333
0 0.3033854166666667 0.8828125 0.03125 0.07552083333333333
0 0.08203125 0.4453125 0.07291666666666667 0.052083333333333336
0 0.3333333333333333 0.8736979166666666 0.028645833333333332 0.0859375
0 0.018229166666666668 0.9342447916666666 0.013020833333333334 0.029947916666666668
