0 0.6380208333333334 0.642578125 0.026041666666666668 0.022135416666666668
0 0.6126302083333334 0.625 0.03515625 0.036458333333333336
0 0.6549479166666666 0.6197916666666666 0.028645833333333332 0.026041666666666668
0 0.5787760416666666 0.5970052083333334 0.037760416666666664 0.037760416666666664
0 0.4654947916666667 0.458984375 0.01953125 0.009114583333333334
0 0.6334635416666666 0.5963541666666666 0.037760416666666664 0.036458333333333336
0 0.62109375 0.5670572916666666 0.0546875 0.040364583333333336
0 0.6536458333333334 0.6608072916666666 0.026041666666666668 0.022135416666666668
0 0.7109375 0.6080729166666666 0.0546875 0.0390625
0 0.4615885416666667 0.4544270833333333 0.01171875 0.005208333333333333
0 0.9993489583333334 0.09114583333333333 0.0013020833333333333 0.0390625
