0 0.4342447916666667 0.4576822916666667 0.01171875 0.01171875
0 0.4583333333333333 0.3697916666666667 0.0234375 0.020833333333333332
0 0.45703125 0.3860677083333333 0.018229166666666668 0.014322916666666666
0 0.4361979166666667 0.4505208333333333 0.013020833333333334 0.013020833333333334
0 0.486328125 0.3899739583333333 0.014322916666666666 0.01171875
0 0.4680989583333333 0.4153645833333333 0.01171875 0.010416666666666666
0 0.5930989583333334 0.3365885416666667 0.02734375 0.03515625
0 0.4609375 0.3912760416666667 0.015625 0.01171875
0 0.4466145833333333 0.4459635416666667 0.013020833333333334 0.014322916666666666
0 0.4622395833333333 0.4251302083333333 0.015625 0.014322916666666666
0 0.4811197916666667 0.3841145833333333 0.014322916666666666 0.013020833333333334
0 0.4654947916666667 0.3984375 0.016927083333333332 0.015625
0 0.4752604166666667 0.3743489583333333 0.015625 0.014322916666666666
0 0.5768229166666666 0.3092447916666667 0.0234375 0.024739583333333332
