0 0.283203125 0.060546875 0.01953125 0.022135416666666668
0 0.2688802083333333 0.4251302083333333 0.016927083333333332 0.016927083333333332
0 0.3020833333333333 0.12239583333333333 0.013020833333333334 0.018229166666666668
0 0.3125 0.111328125 0.010416666666666666 0.016927083333333332
0 0.203125 0.765625 0.018229166666666668 0.0234375
0 0.24348958333333334 0.57421875 0.0078125 0.018229166666666668
0 0.22265625 0.888671875 0.018229166666666668 0.022135416666666668
0 0.279296875 0.5416666666666666 0.014322916666666666 0.020833333333333332
0 0.259765625 0.783203125 0.022135416666666668 0.022135416666666668
0 0.20052083333333334 0.685546875 0.0234375 0.022135416666666668
0 0.2630208333333333 0.4713541666666667 0.015625 0.015625
0 0.21028645833333334 0.8444010416666666 0.016927083333333332 0.016927083333333332
