0 0.4837239583333333 0.55859375 0.01953125 0.0078125
0 0.146484375 0.4973958333333333 0.07682291666666667 0.057291666666666664
0 0.833984375 0.7864583333333334 0.029947916666666668 0.036458333333333336
0 0.787109375 0.0703125 0.061197916666666664 0.041666666666666664
0 0.8131510416666666 0.3307291666666667 0.024739583333333332 0.018229166666666668
0 0.6998697916666666 0.462890625 0.11588541666666667 0.10807291666666667
0 0.3255208333333333 0.705078125 0.052083333333333336 0.048177083333333336
0 0.3671875 0.13997395833333334 0.1328125 0.09505208333333333
0 0.8229166666666666 0.8561197916666666 0.08072916666666667 0.10026041666666667
0 0.06966145833333333 0.7591145833333334 0.10546875 0.06770833333333333
0 0.21809895833333334 0.9303385416666666 0.08203125 0.07682291666666667
0 0.21419270833333334 0.9615885416666666 0.09765625 0.07682291666666667
