0 0.29296875 0.4778645833333333 0.03125 0.049479166666666664
0 0.18098958333333334 0.4694010416666667 0.0234375 0.04296875
0 0.12890625 0.466796875 0.03125 0.053385416666666664
0 0.21875 0.4928385416666667 0.028645833333333332 0.048177083333333336
0 0.25 0.4759114583333333 0.0234375 0.03515625
0 0.16145833333333334 0.451171875 0.018229166666666668 0.029947916666666668
0 0.07161458333333333 0.5091145833333334 0.10416666666666667 0.028645833333333332
0 0.1953125 0.4615885416666667 0.018229166666666668 0.037760416666666664
0 0.236328125 0.48828125 0.032552083333333336 0.052083333333333336
0 0.14778645833333334 0.458984375 0.024739583333333332 0.045572916666666664
0 0.275390625 0.4830729166666667 0.03515625 0.052083333333333336
0 0.9173177083333334 0.9680989583333334 0.029947916666666668 0.04296875
0 0.33203125 0.4583333333333333 0.0625 0.0234375
0 0.5514322916666666 0.5130208333333334 0.037760416666666664 0.0234375
0 0.4609375 0.4322916666666667 0.0625 0.03125
