0 0.4270833333333333 0.08203125 0.033854166666666664 0.125
0 0.16796875 0.6998697916666666 0.19010416666666666 0.10546875
0 0.17252604166666666 0.72265625 0.05859375 0.033854166666666664
0 0.6419270833333334 0.4264322916666667 0.033854166666666664 0.14192708333333334
0 0.19270833333333334 0.6614583333333334 0.046875 0.026041666666666668
0 0.146484375 0.275390625 0.07161458333333333 0.10807291666666667
0 0.8977864583333334 0.7766927083333334 0.09505208333333333 0.07421875
0 0.884765625 0.7513020833333334 0.19140625 0.14583333333333334
0 0.115234375 0.693359375 0.055989583333333336 0.03515625
0 0.8040364583333334 0.12239583333333333 0.05078125 0.1328125
