0 0.046223958333333336 0.470703125 0.016927083333333332 0.01171875
0 0.17643229166666666 0.07161458333333333 0.05078125 0.0546875
0 0.296875 0.458984375 0.057291666666666664 0.061197916666666664
0 0.9993489583333334 0.3893229166666667 0.0013020833333333333 0.013020833333333334
0 0.08138020833333333 0.08268229166666667 0.07161458333333333 0.040364583333333336
0 0.423828125 0.4446614583333333 0.037760416666666664 0.04296875
0 0.3118489583333333 0.4231770833333333 0.05859375 0.06510416666666667
0 0.380859375 0.3919270833333333 0.055989583333333336 0.06510416666666667
0 0.039713541666666664 0.4641927083333333 0.016927083333333332 0.01171875
0 0.2584635416666667 0.4140625 0.04296875 0.046875
0 0.028645833333333332 0.22395833333333334 0.046875 0.0546875
0 0.328125 0.20442708333333334 0.044270833333333336 0.049479166666666664
0 0.162109375 0.0703125 0.01171875 0.013020833333333334
0 0.19661458333333334 0.3795572916666667 0.041666666666666664 0.048177083333333336
0 0.03125 0.16861979166666666 0.0625 0.07161458333333333
