0 0.3971354166666667 0.6106770833333334 0.018229166666666668 0.015625
0 0.072265625 0.5709635416666666 0.009114583333333334 0.016927083333333332
0 0.248046875 0.8873697916666666 0.022135416666666668 0.009114583333333334
0 0.3678385416666667 0.6204427083333334 0.040364583333333336 0.040364583333333336
0 0.4654947916666667 0.994140625 0.009114583333333334 0.01171875
0 0.46875 0.7610677083333334 0.028645833333333332 0.009114583333333334
0 0.5045572916666666 0.8131510416666666 0.01171875 0.016927083333333332
0 0.458984375 0.9029947916666666 0.009114583333333334 0.014322916666666666
0 0.408203125 0.6217447916666666 0.01171875 0.009114583333333334
0 0.4641927083333333 0.8333333333333334 0.009114583333333334 0.018229166666666668
