0 0.828125 0.7493489583333334 0.0703125 0.022135416666666668
0 0.078125 0.4375 0.0546875 0.020833333333333332
0 0.81640625 0.3658854166666667 0.09895833333333333 0.028645833333333332
0 0.3912760416666667 0.5247395833333334 0.11067708333333333 0.028645833333333332
0 0.08333333333333333 0.708984375 0.10677083333333333 0.024739583333333332
0 0.576171875 0.41796875 0.048177083333333336 0.0234375
0 0.5729166666666666 0.22330729166666666 0.1015625 0.032552083333333336
0 0.697265625 0.31640625 0.022135416666666668 0.013020833333333334
0 0.732421875 0.591796875 0.055989583333333336 0.01953125
0 0.724609375 0.9915364583333334 0.04296875 0.016927083333333332
0 0.248046875 0.8834635416666666 0.08203125 0.01953125
0 0.5078125 0.677734375 0.057291666666666664 0.01953125
0 0.8893229166666666 0.58984375 0.10416666666666667 0.033854166666666664
0 0.5501302083333334 0.87109375 0.09505208333333333 0.03125
