0 0.051432291666666664 0.8424479166666666 0.032552083333333336 0.046875
0 0.030598958333333332 0.859375 0.037760416666666664 0.052083333333333336
0 0.09244791666666667 0.8678385416666666 0.06770833333333333 0.04296875
0 0.08984375 0.9739583333333334 0.0390625 0.020833333333333332
0 0.1796875 0.80859375 0.08072916666666667 0.059895833333333336
0 0.20768229166666666 0.9192708333333334 0.029947916666666668 0.078125
0 0.05859375 0.8255208333333334 0.033854166666666664 0.0546875
0 0.08138020833333333 0.9329427083333334 0.07421875 0.037760416666666664
0 0.1015625 0.8424479166666666 0.0546875 0.033854166666666664
0 0.024088541666666668 0.8313802083333334 0.0013020833333333333 0.0013020833333333333
