0 0.794921875 0.4544270833333333 0.01171875 0.005208333333333333
0 0.9459635416666666 0.625 0.03515625 0.036458333333333336
0 0.9713541666666666 0.642578125 0.026041666666666668 0.022135416666666668
0 0.986328125 0.6608072916666666 0.024739583333333332 0.022135416666666668
0 0.9661458333333334 0.5963541666666666 0.036458333333333336 0.036458333333333336
0 0.4765625 0.1015625 0.3255208333333333 0.0625
0 0.798828125 0.458984375 0.01953125 0.009114583333333334
0 0.912109375 0.5970052083333334 0.037760416666666664 0.037760416666666664
0 0.9544270833333334 0.5670572916666666 0.0546875 0.040364583333333336
0 0.9869791666666666 0.6197916666666666 0.0234375 0.026041666666666668
0 0.07356770833333333 0.8470052083333334 0.053385416666666664 0.18880208333333334
