0 0.5983072916666666 0.7024739583333334 0.024739583333333332 0.06380208333333333
0 0.5442708333333334 0.6946614583333334 0.018229166666666668 0.06640625
0 0.9322916666666666 0.7135416666666666 0.010416666666666666 0.03125
0 0.6171875 0.6998697916666666 0.020833333333333332 0.053385416666666664
0 0.4967447916666667 0.6920572916666666 0.022135416666666668 0.07421875
0 0.89453125 0.6959635416666666 0.033854166666666664 0.08203125
0 0.521484375 0.7005208333333334 0.032552083333333336 0.10416666666666667
0 0.9173177083333334 0.7037760416666666 0.03515625 0.08203125
0 0.5794270833333334 0.6979166666666666 0.020833333333333332 0.0625
0 0.5625 0.6927083333333334 0.020833333333333332 0.0546875
