0 0.9127604166666666 0.18684895833333334 0.0078125 0.01171875
0 0.8990885416666666 0.248046875 0.006510416666666667 0.01171875
0 0.9654947916666666 0.2532552083333333 0.014322916666666666 0.009114583333333334
0 0.9440104166666666 0.4114583333333333 0.010416666666666666 0.010416666666666666
0 0.7747395833333334 0.4485677083333333 0.010416666666666666 0.014322916666666666
0 0.8873697916666666 0.2578125 0.009114583333333334 0.013020833333333334
0 0.9264322916666666 0.24088541666666666 0.006510416666666667 0.010416666666666666
0 0.9485677083333334 0.376953125 0.01171875 0.01171875
0 0.9518229166666666 0.22330729166666666 0.005208333333333333 0.01171875
0 0.9427083333333334 0.13671875 0.0078125 0.010416666666666666
0 0.9114583333333334 0.2734375 0.013020833333333334 0.010416666666666666
