0 0.7662760416666666 0.6393229166666666 0.055989583333333336 0.026041666666666668
0 0.2779947916666667 0.6842447916666666 0.11588541666666667 0.037760416666666664
0 0.20182291666666666 0.9544270833333334 0.10677083333333333 0.026041666666666668
0 0.12369791666666667 0.5598958333333334 0.015625 0.010416666666666666
0 0.458984375 0.3984375 0.08723958333333333 0.033854166666666664
0 0.2942708333333333 0.19661458333333334 0.125 0.033854166666666664
0 0.75 0.3522135416666667 0.0625 0.037760416666666664
0 0.2936197916666667 0.21158854166666666 0.06640625 0.016927083333333332
0 0.771484375 0.6686197916666666 0.08723958333333333 0.037760416666666664
0 0.76953125 0.6536458333333334 0.0859375 0.0390625
