0 0.109375 0.9088541666666666 0.044270833333333336 0.028645833333333332
0 0.126953125 0.9251302083333334 0.032552083333333336 0.014322916666666666
0 0.11197916666666667 0.9576822916666666 0.0390625 0.01171875
0 0.072265625 0.8014322916666666 0.022135416666666668 0.014322916666666666
0 0.11458333333333333 0.978515625 0.036458333333333336 0.01171875
0 0.052083333333333336 0.7708333333333334 0.0234375 0.020833333333333332
0 0.11002604166666667 0.9674479166666666 0.04296875 0.010416666666666666
0 0.12239583333333333 0.916015625 0.041666666666666664 0.01953125
0 0.111328125 0.98828125 0.03515625 0.010416666666666666
0 0.11263020833333333 0.99609375 0.029947916666666668 0.0078125
0 0.055338541666666664 0.7799479166666666 0.032552083333333336 0.03125
