0 0.07356770833333333 0.8040364583333334 0.05078125 0.11067708333333333
0 0.4296875 0.693359375 0.018229166666666668 0.014322916666666666
0 0.5266927083333334 0.8307291666666666 0.07942708333333333 0.109375
0 0.287109375 0.4576822916666667 0.024739583333333332 0.11328125
0 0.23828125 0.9720052083333334 0.018229166666666668 0.009114583333333334
0 0.5045572916666666 0.2265625 0.05078125 0.078125
0 0.9290364583333334 0.5078125 0.040364583333333336 0.052083333333333336
0 0.13932291666666666 0.2545572916666667 0.046875 0.11328125
0 0.16145833333333334 0.23372395833333334 0.020833333333333332 0.05078125
0 0.775390625 0.24088541666666666 0.06640625 0.09895833333333333
