0 0.6731770833333334 0.3248697916666667 0.057291666666666664 0.04296875
0 0.626953125 0.271484375 0.06380208333333333 0.02734375
0 0.65234375 0.3059895833333333 0.049479166666666664 0.041666666666666664
0 0.6263020833333334 0.283203125 0.049479166666666664 0.022135416666666668
0 0.7252604166666666 0.4049479166666667 0.020833333333333332 0.015625
0 0.8020833333333334 0.22916666666666666 0.0625 0.0234375
0 0.8528645833333334 0.333984375 0.06770833333333333 0.03515625
0 0.7037760416666666 0.384765625 0.022135416666666668 0.016927083333333332
0 0.6868489583333334 0.3404947916666667 0.05859375 0.040364583333333336
0 0.7044270833333334 0.3658854166666667 0.0546875 0.033854166666666664
0 0.6920572916666666 0.353515625 0.048177083333333336 0.032552083333333336
0 0.6979166666666666 0.380859375 0.018229166666666668 0.01171875
0 0.6354166666666666 0.29296875 0.046875 0.026041666666666668
