0 0.73828125 0.21419270833333334 0.059895833333333336 0.032552083333333336
0 0.6015625 0.173828125 0.0234375 0.05078125
0 0.8125 0.189453125 0.020833333333333332 0.024739583333333332
0 0.85546875 0.119140625 0.026041666666666668 0.02734375
0 0.697265625 0.22330729166666666 0.10807291666666667 0.05859375
0 0.896484375 0.20833333333333334 0.07942708333333333 0.08854166666666667
0 0.8059895833333334 0.11848958333333333 0.028645833333333332 0.028645833333333332
0 0.671875 0.012369791666666666 0.036458333333333336 0.01953125
0 0.8522135416666666 0.11328125 0.024739583333333332 0.026041666666666668
0 0.82421875 0.13020833333333334 0.0234375 0.03125
0 0.8346354166666666 0.16080729166666666 0.03125 0.03515625
