0 0.8821614583333334 0.4694010416666667 0.006510416666666667 0.006510416666666667
0 0.923828125 0.3977864583333333 0.006510416666666667 0.006510416666666667
0 0.8684895833333334 0.3971354166666667 0.005208333333333333 0.010416666666666666
0 0.9348958333333334 0.4348958333333333 0.015625 0.013020833333333334
0 0.8958333333333334 0.4791666666666667 0.005208333333333333 0.0078125
0 0.89453125 0.4453125 0.0078125 0.0078125
0 0.919921875 0.4674479166666667 0.006510416666666667 0.0078125
0 0.8997395833333334 0.4947916666666667 0.0078125 0.0078125
0 0.912109375 0.3958333333333333 0.00390625 0.010416666666666666
0 0.916015625 0.48046875 0.006510416666666667 0.005208333333333333
0 0.9348958333333334 0.41796875 0.0078125 0.0078125
0 0.9505208333333334 0.548828125 0.0078125 0.01171875
0 0.9055989583333334 0.4583333333333333 0.009114583333333334 0.0078125
0 0.8619791666666666 0.4850260416666667 0.0078125 0.006510416666666667
0 0.958984375 0.5201822916666666 0.006510416666666667 0.006510416666666667
