0 0.416015625 0.5286458333333334 0.09765625 0.19270833333333334
0 0.3658854166666667 0.5716145833333334 0.020833333333333332 0.015625
0 0.2584635416666667 0.4075520833333333 0.040364583333333336 0.06770833333333333
0 0.08723958333333333 0.10546875 0.0625 0.049479166666666664
0 0.22526041666666666 0.4309895833333333 0.044270833333333336 0.0703125
0 0.3678385416666667 0.591796875 0.024739583333333332 0.037760416666666664
0 0.2701822916666667 0.50390625 0.037760416666666664 0.033854166666666664
0 0.384765625 0.5455729166666666 0.022135416666666668 0.0390625
0 0.4895833333333333 0.5677083333333334 0.0625 0.11197916666666667
0 0.4765625 0.8912760416666666 0.052083333333333336 0.06901041666666667
0 0.08268229166666667 0.08268229166666667 0.07421875 0.05859375
