0 0.5670572916666666 0.7916666666666666 0.016927083333333332 0.018229166666666668
0 0.4563802083333333 0.8170572916666666 0.016927083333333332 0.014322916666666666
0 0.5540364583333334 0.7890625 0.01171875 0.018229166666666668
0 0.6022135416666666 0.771484375 0.022135416666666668 0.014322916666666666
0 0.24088541666666666 0.951171875 0.013020833333333334 0.014322916666666666
0 0.5227864583333334 0.7903645833333334 0.014322916666666666 0.015625
0 0.4270833333333333 0.837890625 0.013020833333333334 0.009114583333333334
0 0.6256510416666666 0.7786458333333334 0.016927083333333332 0.018229166666666668
0 0.251953125 0.9524739583333334 0.009114583333333334 0.01171875
0 0.541015625 0.7942708333333334 0.016927083333333332 0.018229166666666668
0 0.8834635416666666 0.7578125 0.016927083333333332 0.018229166666666668
0 0.431640625 0.8326822916666666 0.016927083333333332 0.014322916666666666
