0 0.19921875 0.20768229166666666 0.03125 0.05078125
0 0.21484375 0.22330729166666666 0.041666666666666664 0.08463541666666667
0 0.19205729166666666 0.18619791666666666 0.014322916666666666 0.026041666666666668
0 0.7415364583333334 0.11393229166666667 0.045572916666666664 0.045572916666666664
0 0.21223958333333334 0.2897135416666667 0.07291666666666667 0.048177083333333336
0 0.9283854166666666 0.5240885416666666 0.059895833333333336 0.032552083333333336
0 0.7356770833333334 0.07942708333333333 0.0234375 0.020833333333333332
0 0.7311197916666666 0.1015625 0.05078125 0.049479166666666664
0 0.7506510416666666 0.126953125 0.045572916666666664 0.05078125
0 0.7682291666666666 0.13411458333333334 0.044270833333333336 0.049479166666666664
0 0.7337239583333334 0.0703125 0.01953125 0.018229166666666668
