0 0.486328125 0.7428385416666666 0.01953125 0.022135416666666668
0 0.9993489583333334 0.030598958333333332 0.0013020833333333333 0.016927083333333332
0 0.845703125 0.2766927083333333 0.04296875 0.024739583333333332
0 0.6328125 0.5891927083333334 0.044270833333333336 0.022135416666666668
0 0.4778645833333333 0.4583333333333333 0.08333333333333333 0.0390625
0 0.21419270833333334 0.12955729166666666 0.061197916666666664 0.029947916666666668
0 0.478515625 0.7376302083333334 0.024739583333333332 0.02734375
0 0.3580729166666667 0.103515625 0.09895833333333333 0.037760416666666664
0 0.6979166666666666 0.14583333333333334 0.06770833333333333 0.026041666666666668
0 0.6334635416666666 0.494140625 0.045572916666666664 0.022135416666666668
0 0.4973958333333333 0.3170572916666667 0.059895833333333336 0.014322916666666666
0 0.4921875 0.748046875 0.0234375 0.024739583333333332
