0 0.09375 0.9830729166666666 0.020833333333333332 0.010416666666666666
0 0.677734375 0.7044270833333334 0.10546875 0.044270833333333336
0 0.7923177083333334 0.12239583333333333 0.037760416666666664 0.018229166666666668
0 0.201171875 0.8587239583333334 0.01953125 0.014322916666666666
0 0.3098958333333333 0.873046875 0.018229166666666668 0.006510416666666667
0 0.408203125 0.6842447916666666 0.045572916666666664 0.03515625
0 0.8782552083333334 0.49609375 0.10026041666666667 0.041666666666666664
0 0.7337239583333334 0.9895833333333334 0.061197916666666664 0.020833333333333332
0 0.365234375 0.5989583333333334 0.08723958333333333 0.0390625
0 0.400390625 0.818359375 0.07942708333333333 0.045572916666666664
