0 0.4329427083333333 0.580078125 0.02734375 0.01171875
0 0.4296875 0.5690104166666666 0.028645833333333332 0.018229166666666668
0 0.7220052083333334 0.4609375 0.02734375 0.013020833333333334
0 0.3346354166666667 0.8665364583333334 0.052083333333333336 0.10026041666666667
0 0.6458333333333334 0.8170572916666666 0.049479166666666664 0.04296875
0 0.7265625 0.4720052083333333 0.026041666666666668 0.01171875
0 0.4368489583333333 0.5891927083333334 0.024739583333333332 0.014322916666666666
0 0.4231770833333333 0.5540364583333334 0.03125 0.022135416666666668
0 0.9615885416666666 0.552734375 0.061197916666666664 0.032552083333333336
0 0.42578125 0.5625 0.026041666666666668 0.015625
0 0.8997395833333334 0.875 0.07291666666666667 0.046875
