0 0.4928385416666667 0.3385416666666667 0.09505208333333333 0.12760416666666666
0 0.625 0.14322916666666666 0.018229166666666668 0.026041666666666668
0 0.14778645833333334 0.3658854166666667 0.037760416666666664 0.041666666666666664
0 0.21223958333333334 0.23111979166666666 0.036458333333333336 0.05078125
0 0.5123697916666666 0.3404947916666667 0.029947916666666668 0.03515625
0 0.3196614583333333 0.037760416666666664 0.055989583333333336 0.0703125
0 0.21028645833333334 0.8522135416666666 0.029947916666666668 0.032552083333333336
0 0.14973958333333334 0.38671875 0.020833333333333332 0.036458333333333336
0 0.19466145833333334 0.8411458333333334 0.04296875 0.044270833333333336
0 0.13346354166666666 0.3567708333333333 0.040364583333333336 0.046875
0 0.140625 0.4791666666666667 0.049479166666666664 0.044270833333333336
0 0.5416666666666666 0.4029947916666667 0.06510416666666667 0.08463541666666667
0 0.55078125 0.4251302083333333 0.09635416666666667 0.12630208333333334
0 0.20052083333333334 0.853515625 0.0234375 0.024739583333333332
