0 0.515625 0.19075520833333334 0.0078125 0.009114583333333334
0 0.5065104166666666 0.19075520833333334 0.0078125 0.009114583333333334
0 0.5266927083333334 0.201171875 0.006510416666666667 0.01171875
0 0.9322916666666666 0.048177083333333336 0.015625 0.018229166666666668
0 0.5533854166666666 0.203125 0.013020833333333334 0.018229166666666668
0 0.533203125 0.20442708333333334 0.009114583333333334 0.013020833333333334
0 0.544921875 0.20247395833333334 0.009114583333333334 0.014322916666666666
0 0.521484375 0.19921875 0.006510416666666667 0.010416666666666666
0 0.4934895833333333 0.21158854166666666 0.013020833333333334 0.009114583333333334
0 0.8899739583333334 0.134765625 0.014322916666666666 0.01953125
