0 0.970703125 0.2669270833333333 0.05078125 0.020833333333333332
0 0.9401041666666666 0.21419270833333334 0.020833333333333332 0.01171875
0 0.9537760416666666 0.24869791666666666 0.03515625 0.015625
0 0.9388020833333334 0.19466145833333334 0.020833333333333332 0.009114583333333334
0 0.986328125 0.3307291666666667 0.024739583333333332 0.020833333333333332
0 0.9778645833333334 0.3151041666666667 0.033854166666666664 0.026041666666666668
0 0.9615885416666666 0.2760416666666667 0.032552083333333336 0.013020833333333334
0 0.9798177083333334 0.294921875 0.029947916666666668 0.014322916666666666
0 0.9466145833333334 0.17447916666666666 0.005208333333333333 0.013020833333333334
0 0.9375 0.20182291666666666 0.033854166666666664 0.015625
0 0.9700520833333334 0.287109375 0.041666666666666664 0.022135416666666668
0 0.94921875 0.23763020833333334 0.036458333333333336 0.016927083333333332
0 0.9876302083333334 0.31640625 0.022135416666666668 0.020833333333333332
0 0.9563802083333334 0.255859375 0.032552083333333336 0.014322916666666666
