0 0.9010416666666666 0.9375 0.020833333333333332 0.0390625
0 0.6009114583333334 0.7473958333333334 0.014322916666666666 0.013020833333333334
0 0.79296875 0.8671875 0.0234375 0.020833333333333332
0 0.5930989583333334 0.720703125 0.01171875 0.01171875
0 0.9088541666666666 0.951171875 0.0234375 0.032552083333333336
0 0.7955729166666666 0.853515625 0.0078125 0.006510416666666667
0 0.8684895833333334 0.9388020833333334 0.018229166666666668 0.028645833333333332
0 0.8404947916666666 0.9186197916666666 0.024739583333333332 0.032552083333333336
0 0.515625 0.5807291666666666 0.0390625 0.020833333333333332
0 0.5319010416666666 0.5709635416666666 0.029947916666666668 0.032552083333333336
0 0.951171875 0.9850260416666666 0.037760416666666664 0.029947916666666668
