0 0.7649739583333334 0.7545572916666666 0.01953125 0.022135416666666668
0 0.6731770833333334 0.3125 0.015625 0.018229166666666668
0 0.9641927083333334 0.162109375 0.016927083333333332 0.009114583333333334
0 0.775390625 0.7141927083333334 0.016927083333333332 0.01953125
0 0.9186197916666666 0.20833333333333334 0.01953125 0.010416666666666666
0 0.9524739583333334 0.16731770833333334 0.016927083333333332 0.009114583333333334
0 0.8587239583333334 0.158203125 0.01953125 0.01953125
0 0.734375 0.3255208333333333 0.033854166666666664 0.049479166666666664
0 0.7994791666666666 0.4498697916666667 0.020833333333333332 0.009114583333333334
0 0.9453125 0.17317708333333334 0.018229166666666668 0.0078125
0 0.7936197916666666 0.4928385416666667 0.01953125 0.01171875
0 0.92578125 0.19921875 0.013020833333333334 0.0078125
0 0.4817708333333333 0.7272135416666666 0.015625 0.01171875
