0 0.546875 0.7578125 0.12760416666666666 0.10416666666666667
0 0.3255208333333333 0.3717447916666667 0.052083333333333336 0.048177083333333336
0 0.146484375 0.1640625 0.07682291666666667 0.057291666666666664
0 0.06966145833333333 0.42578125 0.10546875 0.06770833333333333
0 0.6998697916666666 0.12955729166666666 0.11588541666666667 0.10807291666666667
0 0.21419270833333334 0.6341145833333334 0.09765625 0.08854166666666667
0 0.21809895833333334 0.5970052083333334 0.08203125 0.07682291666666667
0 0.484375 0.22591145833333334 0.020833333333333332 0.009114583333333334
0 0.8229166666666666 0.5227864583333334 0.08072916666666667 0.10026041666666667
0 0.833984375 0.453125 0.029947916666666668 0.036458333333333336
