0 0.29296875 0.97265625 0.109375 0.052083333333333336
0 0.48046875 0.5201822916666666 0.1171875 0.08203125
0 0.9361979166666666 0.3606770833333333 0.1171875 0.08072916666666667
0 0.17903645833333334 0.3170572916666667 0.08463541666666667 0.07421875
0 0.9127604166666666 0.08138020833333333 0.0546875 0.048177083333333336
0 0.51171875 0.3248697916666667 0.09635416666666667 0.08203125
0 0.083984375 0.4108072916666667 0.016927083333333332 0.006510416666666667
0 0.7421875 0.677734375 0.1015625 0.10286458333333333
0 0.28125 0.921875 0.020833333333333332 0.020833333333333332
0 0.8912760416666666 0.5182291666666666 0.022135416666666668 0.015625
0 0.24348958333333334 0.02734375 0.052083333333333336 0.036458333333333336
