0 0.685546875 0.6666666666666666 0.053385416666666664 0.08854166666666667
0 0.384765625 0.22591145833333334 0.032552083333333336 0.05859375
0 0.4166666666666667 0.2701822916666667 0.020833333333333332 0.029947916666666668
0 0.2799479166666667 0.6725260416666666 0.08072916666666667 0.05859375
0 0.40234375 0.21940104166666666 0.041666666666666664 0.07161458333333333
0 0.1875 0.361328125 0.08854166666666667 0.08203125
0 0.63671875 0.5520833333333334 0.0390625 0.0625
0 0.6536458333333334 0.5559895833333334 0.036458333333333336 0.057291666666666664
0 0.65625 0.6803385416666666 0.03125 0.048177083333333336
0 0.6223958333333334 0.5442708333333334 0.036458333333333336 0.059895833333333336
0 0.6373697916666666 0.9264322916666666 0.040364583333333336 0.07942708333333333
