0 0.6341145833333334 0.057942708333333336 0.0234375 0.016927083333333332
0 0.609375 0.14778645833333334 0.036458333333333336 0.01953125
0 0.3470052083333333 0.5989583333333334 0.02734375 0.018229166666666668
0 0.6022135416666666 0.11067708333333333 0.024739583333333332 0.0078125
0 0.4934895833333333 0.212890625 0.028645833333333332 0.022135416666666668
0 0.66796875 0.005208333333333333 0.015625 0.010416666666666666
0 0.23763020833333334 0.62890625 0.014322916666666666 0.015625
0 0.27734375 0.6171875 0.010416666666666666 0.015625
0 0.2701822916666667 0.62109375 0.009114583333333334 0.013020833333333334
0 0.6009114583333334 0.2109375 0.01953125 0.0078125
0 0.4108072916666667 0.49609375 0.01953125 0.026041666666666668
