0 0.783203125 0.13020833333333334 0.05859375 0.015625
0 0.904296875 0.078125 0.032552083333333336 0.013020833333333334
0 0.049479166666666664 0.6458333333333334 0.059895833333333336 0.018229166666666668
0 0.41796875 0.08072916666666667 0.013020833333333334 0.015625
0 0.16145833333333334 0.17317708333333334 0.013020833333333334 0.0078125
0 0.140625 0.09440104166666667 0.013020833333333334 0.014322916666666666
0 0.2701822916666667 0.12630208333333334 0.11067708333333333 0.033854166666666664
0 0.2779947916666667 0.091796875 0.21744791666666666 0.045572916666666664
0 0.8326822916666666 0.103515625 0.21484375 0.045572916666666664
0 0.8522135416666666 0.07682291666666667 0.05859375 0.015625
0 0.048828125 0.6048177083333334 0.05859375 0.01953125
0 0.3046875 0.060546875 0.09114583333333333 0.022135416666666668
0 0.900390625 0.3424479166666667 0.061197916666666664 0.0234375
0 0.06901041666666667 0.6256510416666666 0.07552083333333333 0.024739583333333332
