0 0.8600260416666666 0.17317708333333334 0.022135416666666668 0.005208333333333333
0 0.8111979166666666 0.17057291666666666 0.033854166666666664 0.0078125
0 0.728515625 0.07942708333333333 0.13151041666666666 0.036458333333333336
0 0.7044270833333334 0.1640625 0.044270833333333336 0.010416666666666666
0 0.8600260416666666 0.16796875 0.01953125 0.005208333333333333
0 0.8756510416666666 0.126953125 0.029947916666666668 0.01171875
0 0.765625 0.16145833333333334 0.020833333333333332 0.005208333333333333
0 0.490234375 0.15299479166666666 0.08203125 0.014322916666666666
0 0.4088541666666667 0.38671875 0.033854166666666664 0.015625
0 0.7623697916666666 0.16666666666666666 0.029947916666666668 0.0078125
0 0.283203125 0.46484375 0.15234375 0.1484375
0 0.8834635416666666 0.16145833333333334 0.01171875 0.018229166666666668
