0 0.6640625 0.22916666666666666 0.028645833333333332 0.018229166666666668
0 0.220703125 0.4772135416666667 0.02734375 0.055989583333333336
0 0.19791666666666666 0.4733072916666667 0.03125 0.053385416666666664
0 0.6725260416666666 0.134765625 0.01953125 0.07942708333333333
0 0.6080729166666666 0.07486979166666667 0.028645833333333332 0.10286458333333333
0 0.7389322916666666 0.6217447916666666 0.006510416666666667 0.022135416666666668
0 0.6432291666666666 0.11653645833333333 0.052083333333333336 0.20963541666666666
0 0.5625 0.5774739583333334 0.033854166666666664 0.05859375
0 0.5631510416666666 0.5475260416666666 0.0013020833333333333 0.0013020833333333333
0 0.796875 0.6295572916666666 0.026041666666666668 0.02734375
0 0.2421875 0.4791666666666667 0.033854166666666664 0.0859375
0 0.8333333333333334 0.6432291666666666 0.08333333333333333 0.1015625
0 0.7265625 0.6412760416666666 0.0234375 0.05078125
