0 0.19270833333333334 0.5690104166666666 0.010416666666666666 0.020833333333333332
0 0.18424479166666666 0.5846354166666666 0.01171875 0.018229166666666668
0 0.18619791666666666 0.5436197916666666 0.013020833333333334 0.016927083333333332
0 0.18359375 0.568359375 0.0078125 0.016927083333333332
0 0.3274739583333333 0.5462239583333334 0.009114583333333334 0.014322916666666666
0 0.17447916666666666 0.568359375 0.010416666666666666 0.016927083333333332
0 0.78125 0.3470052083333333 0.026041666666666668 0.01953125
0 0.3658854166666667 0.271484375 0.015625 0.009114583333333334
0 0.3639322916666667 0.3046875 0.01953125 0.010416666666666666
0 0.15364583333333334 0.6171875 0.03125 0.026041666666666668
0 0.19401041666666666 0.5455729166666666 0.013020833333333334 0.018229166666666668
